1.046	3.065	5999	1	
1.114	2.741	5999	1	
1.235	3.601	5999	1	
1.476	4.971	5999	1	
1.172	3.315	5999	1	
1.333	4.197	5999	1	
0.638	0.793	5999	1	
1.533	5.043	5999	1	
0.642	0.957	5999	1	
1.191	3.553	5999	1	
0.858	2.402	5999	1	
1.120	3.190	5999	1	
1.093	2.720	5999	1	
0.607	0.952	5999	1	
1.187	3.464	5999	1	
1.206	3.526	5999	1	
1.621	5.614	5999	1	
1.168	3.449	5999	1	
1.362	4.427	5999	1	
1.329	4.335	5999	1	
1.234	3.603	5999	1	
1.233	3.834	5999	1	
0.806	1.920	5999	1	
1.522	5.287	5999	1	
1.144	3.219	5999	1	
1.167	3.510	5999	1	
0.600	0.816	5999	1	
0.431	0.359	5999	1	
1.305	4.141	5999	1	
0.886	2.445	5999	1	
1.288	4.117	5999	1	
1.161	2.834	5999	1	
1.580	5.388	5999	1	
0.437	0.359	5999	1	
1.589	5.613	5999	1	
1.535	5.324	5999	1	
1.214	3.713	5999	1	
0.685	1.447	5999	1	
0.868	2.520	5999	1	
0.636	0.957	5999	1	
1.196	3.531	5999	1	
1.161	3.227	5999	1	
1.539	5.093	5999	1	
1.046	2.727	5999	1	
0.844	2.332	5999	1	
1.026	2.592	5999	1	
1.070	2.960	5999	1	
1.180	3.486	5999	1	
1.573	5.691	5999	1	
1.462	4.953	5999	1	
0.603	0.923	5999	1	
0.880	2.559	5999	1	
0.535	0.603	5999	1	
1.205	3.479	5999	1	
0.564	0.754	5999	1	
0.447	0.359	5999	1	
1.628	5.295	5999	1	
0.811	1.854	5999	1	
1.193	3.169	5999	1	
1.132	3.200	5999	1	
1.330	4.226	5999	1	
1.272	3.704	5999	1	
1.111	3.254	5999	1	
1.425	4.840	5999	1	
0.895	2.576	5999	1	
1.080	2.776	5999	1	
1.160	3.470	5999	1	
1.170	3.481	5999	1	
0.765	1.845	5999	1	
0.623	0.815	5999	1	
1.064	2.765	5999	1	
1.134	3.190	5999	1	
1.062	2.704	5999	1	
1.189	3.595	5999	1	
1.193	3.499	5999	1	
0.575	0.840	5999	1	
0.432	0.387	5999	1	
0.428	0.361	5999	1	
0.426	0.359	5999	1	
0.426	0.391	5999	1	
0.792	1.993	5999	1	
1.322	4.009	5999	1	
1.080	2.872	5999	1	
0.903	2.543	5999	1	
1.123	2.885	5999	1	
1.062	2.567	5999	1	
0.722	1.609	5999	1	
0.574	0.669	5999	1	
0.820	2.211	5999	1	
0.545	0.678	5999	1	
1.095	2.565	5999	1	
0.692	1.523	5999	1	
1.033	2.585	5999	1	
1.056	2.795	5999	1	
1.024	2.595	5999	1	
1.031	2.657	5999	1	
0.719	1.526	5999	1	
0.761	1.902	5999	1	
1.051	2.762	5999	1	
0.544	0.664	5999	1	
1.147	2.805	5999	1	
1.087	2.597	5999	1	
1.012	2.541	5999	1	
0.585	0.736	5999	1	
1.070	2.767	5999	1	
1.123	2.819	5999	1	
0.459	0.386	5999	1	
1.156	3.288	5999	1	
1.238	3.400	5999	1	
0.757	1.632	5999	1	
0.864	2.537	5999	1	
1.156	3.194	5999	1	
0.880	2.542	5999	1	
0.827	2.016	5999	1	
1.113	2.556	5999	1	
0.600	0.784	5999	1	
1.074	2.864	5999	1	
1.040	2.713	5999	1	
0.736	1.401	5999	1	
0.765	1.854	5999	1	
0.653	1.311	5999	1	
0.843	2.120	5999	1	
0.688	1.330	5999	1	
0.430	0.360	5999	1	
0.530	0.642	5999	1	
0.565	0.757	5999	1	
0.719	1.342	5999	1	
0.761	1.839	5999	1	
0.865	2.451	5999	1	
0.769	1.296	5999	1	
1.235	3.516	5999	1	
0.546	0.604	5999	1	
0.820	2.124	5999	1	
1.037	2.600	5999	1	
0.794	2.010	5999	1	
0.903	2.395	5999	1	
0.591	0.967	5999	1	
0.582	0.605	5999	1	
0.860	2.531	5999	1	
1.180	3.308	5999	1	
1.088	2.650	5999	1	
1.073	2.748	5999	1	
0.636	1.088	5999	1	
1.041	2.628	5999	1	
0.861	2.451	5999	1	
1.098	3.023	5999	1	
0.795	1.892	5999	1	
1.012	2.593	5999	1	
1.026	2.585	5999	1	
0.844	2.190	5999	1	
0.879	2.534	5999	1	
0.527	0.560	5999	1	
0.600	1.051	5999	1	
0.804	2.078	5999	1	
0.636	1.204	5999	1	
0.663	0.692	5999	1	
0.506	0.516	5999	1	
0.532	0.603	5999	1	
0.517	0.558	5999	1	
0.600	0.602	5999	1	
0.434	0.359	5999	1	
2.520	3.278	5999	1	
1.565	8.210	5999	1	
2.194	9.100	5999	1	
2.030	8.408	5999	1	
1.812	6.618	5999	1	
1.293	5.095	5999	1	
1.256	4.342	5999	1	
1.680	6.328	5999	1	
1.464	5.559	5999	1	
1.600	5.256	5999	1	
0.818	0.743	5999	1	
1.520	5.041	5999	1	
0.961	1.864	5999	1	
1.129	4.134	5999	1	
0.844	1.099	5999	1	
1.467	4.634	5999	1	
1.053	3.330	5999	1	
0.947	2.233	5999	1	
1.516	5.723	5999	1	
0.760	1.096	5999	1	
0.742	1.005	5999	1	
1.012	3.303	5999	1	
1.313	4.028	5999	1	
1.044	3.071	5999	1	
0.948	2.756	5999	1	
1.059	2.572	5999	1	
1.076	2.715	5999	1	
1.405	4.363	5999	1	
0.851	2.060	5999	1	
1.091	2.762	5999	1	
0.835	2.114	5999	1	
1.058	1.762	5999	1	
1.159	3.145	5999	1	
1.172	3.395	5999	1	
0.789	1.954	5999	1	
1.150	3.262	5999	1	
1.190	3.479	5999	1	
0.881	2.390	5999	1	
0.789	1.846	5999	1	
0.868	2.522	5999	1	
0.681	1.094	5999	1	
0.687	1.371	5999	1	
0.792	1.961	5999	1	
0.930	2.642	5999	1	
0.858	2.236	5999	1	
0.780	1.913	5999	1	
0.796	2.028	5999	1	
1.033	2.605	5999	1	
0.913	2.562	5999	1	
0.668	1.331	5999	1	
1.243	3.546	5999	1	
1.163	3.265	5999	1	
0.769	1.873	5999	1	
1.229	3.364	5999	1	
1.102	2.635	5999	1	
1.164	3.075	5999	1	
1.307	2.835	5999	1	
0.907	2.499	5999	1	
1.073	2.503	5999	1	
1.032	2.566	5999	1	
1.163	3.283	5999	1	
0.876	2.422	5999	1	
0.734	1.758	5999	1	
1.048	2.613	5999	1	
0.784	2.027	5999	1	
1.098	2.597	5999	1	
0.864	2.142	5999	1	
1.166	2.853	5999	1	
0.815	2.076	5999	1	
1.117	2.870	5999	1	
0.790	1.847	5999	1	
0.760	1.909	5999	1	
1.025	2.583	5999	1	
1.028	2.569	5999	1	
0.717	1.604	5999	1	
0.842	2.293	5999	1	
0.850	2.279	5999	1	
0.842	2.042	5999	1	
1.167	3.249	5999	1	
0.886	2.274	5999	1	
0.861	2.234	5999	1	
0.946	2.634	5999	1	
1.041	2.632	5999	1	
1.026	2.565	5999	1	
0.765	1.878	5999	1	
1.307	3.265	5999	1	
1.123	2.833	5999	1	
0.866	2.223	5999	1	
0.730	1.341	5999	1	
0.692	1.426	5999	1	
0.805	2.022	5999	1	
0.681	1.304	5999	1	
1.050	2.552	5999	1	
1.022	2.539	5999	1	
0.430	0.359	5999	1	
0.810	2.116	5999	1	
0.811	2.193	5999	1	
1.052	2.690	5999	1	
0.785	1.789	5999	1	
1.067	2.547	5999	1	
1.125	3.095	5999	1	
0.742	1.743	5999	1	
0.594	0.898	5999	1	
1.165	3.407	5999	1	
0.814	2.013	5999	1	
0.809	2.137	5999	1	
0.744	1.790	5999	1	
1.172	3.359	5999	1	
0.825	2.115	5999	1	
1.030	2.527	5999	1	
1.133	3.175	5999	1	
0.693	1.478	5999	1	
1.016	2.496	5999	1	
0.751	1.760	5999	1	
0.745	1.829	5999	1	
1.127	3.091	5999	1	
0.672	1.385	5999	1	
1.216	3.656	5999	1	
0.820	2.068	5999	1	
1.169	3.136	5999	1	
1.041	2.508	5999	1	
0.677	1.365	5999	1	
0.692	1.326	5999	1	
0.670	1.301	5999	1	
1.146	3.294	5999	1	
1.018	2.571	5999	1	
1.020	2.563	5999	1	
0.812	2.135	5999	1	
0.737	1.664	5999	1	
1.049	2.556	5999	1	
1.050	2.535	5999	1	
0.460	0.360	5999	1	
1.027	2.554	5999	1	
0.674	1.438	5999	1	
0.531	0.599	5999	1	
0.770	1.765	5999	1	
0.612	0.915	5999	1	
0.813	2.197	5999	1	
0.815	2.181	5999	1	
0.846	2.100	5999	1	
0.463	0.360	5999	1	
0.691	1.412	5999	1	
0.748	1.840	5999	1	
1.232	3.675	5999	1	
0.869	2.492	5999	1	
1.020	2.545	5999	1	
0.704	1.471	5999	1	
0.814	2.152	5999	1	
0.703	1.333	5999	1	
0.669	1.329	5999	1	
1.064	2.906	5999	1	
0.729	1.660	5999	1	
0.707	1.471	5999	1	
0.638	1.141	5999	1	
0.818	2.191	5999	1	
0.810	2.190	5999	1	
0.745	1.472	5999	1	
0.806	2.109	5999	1	
0.738	1.780	5999	1	
0.804	2.158	5999	1	
0.711	1.585	5999	1	
0.770	1.924	5999	1	
0.572	0.359	5999	1	
0.705	1.352	5999	1	
0.604	1.015	5999	1	
0.671	1.341	5999	1	
0.429	0.359	5999	1	
0.783	2.001	5999	1	
0.839	2.206	5999	1	
0.433	0.360	5999	1	
0.665	1.331	5999	1	
0.816	2.206	5999	1	
0.674	1.372	5999	1	
0.597	0.958	5999	1	
0.818	2.073	5999	1	
0.878	2.213	5999	1	
0.827	2.155	5999	1	
0.769	1.909	5999	1	
1.076	2.855	5999	1	
0.432	0.361	5999	1	
0.530	0.607	5999	1	
0.730	1.815	5999	1	
0.604	0.970	5999	1	
1.118	2.929	5999	1	
0.596	0.913	5999	1	
0.562	0.652	5999	1	
0.529	0.573	5999	1	
0.856	2.139	5999	1	
1.083	2.872	5999	1	
0.974	2.276	5999	1	
0.451	0.360	5999	1	
0.666	1.278	5999	1	
0.606	0.969	5999	1	
0.902	2.236	5999	1	
0.600	0.959	5999	1	
0.743	1.560	5999	1	
0.816	2.160	5999	1	
0.861	2.455	5999	1	
0.833	2.776	5999	1	
0.736	1.763	5999	1	
0.581	0.863	5999	1	
0.672	1.406	5999	1	
1.135	2.896	5999	1	
0.727	1.606	5999	1	
0.842	2.107	5999	1	
0.813	2.205	5999	1	
0.856	2.155	5999	1	
0.430	0.360	5999	1	
0.823	2.179	5999	1	
0.688	1.418	5999	1	
0.803	2.107	5999	1	
0.816	2.190	5999	1	
0.855	2.154	5999	1	
0.666	1.282	5999	1	
1.023	2.674	5999	1	
0.825	2.267	5999	1	
1.046	2.698	5999	1	
1.074	2.768	5999	1	
0.872	2.096	5999	1	
0.877	2.324	5999	1	
0.668	1.279	5999	1	
0.786	2.039	5999	1	
0.746	1.793	5999	1	
0.739	1.765	5999	1	
0.810	2.195	5999	1	
0.832	1.955	5999	1	
0.824	1.955	5999	1	
0.857	2.291	5999	1	
1.100	2.852	5999	1	
0.821	2.139	5999	1	
0.816	2.169	5999	1	
0.752	1.847	5999	1	
0.739	1.825	5999	1	
0.732	1.420	5999	1	
0.692	1.474	5999	1	
1.165	2.950	5999	1	
0.735	1.779	5999	1	
1.042	2.712	5999	1	
0.615	1.058	5999	1	
0.844	2.261	5999	1	
0.716	1.577	5999	1	
0.749	1.763	5999	1	
0.842	2.314	5999	1	
0.753	1.852	5999	1	
0.611	1.025	5999	1	
0.777	1.777	5999	1	
0.591	0.947	5999	1	
0.595	0.922	5999	1	
0.529	0.530	5999	1	
0.460	0.360	5999	1	
0.802	2.162	5999	1	
0.625	0.979	5999	1	
0.820	2.185	5999	1	
0.788	1.701	5999	1	
0.814	2.186	5999	1	
0.853	2.155	5999	1	
0.534	0.579	5999	1	
0.806	2.124	5999	1	
0.664	1.279	5999	1	
0.721	1.306	5999	1	
0.838	2.199	5999	1	
0.765	1.847	5999	1	
0.744	1.793	5999	1	
0.938	2.662	5999	1	
0.860	2.312	5999	1	
0.749	1.773	5999	1	
1.192	3.615	5999	1	
0.632	1.089	5999	1	
0.619	0.984	5999	1	
0.724	1.590	5999	1	
0.741	1.823	5999	1	
0.738	1.760	5999	1	
0.837	2.116	5999	1	
0.759	1.745	5999	1	
0.799	1.881	5999	1	
1.159	3.272	5999	1	
0.888	2.393	5999	1	
1.100	2.696	5999	1	
0.738	1.737	5999	1	
0.742	1.821	5999	1	
0.682	1.237	5999	1	
0.534	0.595	5999	1	
0.430	0.358	5999	1	
0.913	2.628	5999	1	
0.773	1.721	5999	1	
0.603	0.993	5999	1	
0.591	0.981	5999	1	
0.598	0.992	5999	1	
0.751	1.648	5999	1	
1.062	2.880	5999	1	
0.738	1.802	5999	1	
0.812	1.745	5999	1	
0.750	1.819	5999	1	
0.729	1.661	5999	1	
0.781	1.721	5999	1	
0.642	1.227	5999	1	
0.742	1.764	5999	1	
0.776	2.197	5999	1	
0.933	2.464	5999	1	
0.869	1.881	5999	1	
0.886	1.449	5999	1	
0.863	2.148	5999	1	
1.263	3.225	5999	1	
0.771	1.704	5999	1	
0.758	1.800	5999	1	
0.799	1.826	5999	1	
0.869	1.889	5999	1	
0.700	1.292	5999	1	
0.790	2.008	5999	1	
0.653	1.029	5999	1	
0.903	1.880	5999	1	
0.766	1.819	5999	1	
1.230	3.303	5999	1	
0.942	2.551	5999	1	
0.754	1.812	5999	1	
0.749	1.786	5999	1	
0.840	1.751	5999	1	
0.772	1.883	5999	1	
0.754	1.808	5999	1	
0.754	1.876	5999	1	
0.512	0.387	5999	1	
0.767	1.994	5999	1	
0.606	0.987	5999	1	
0.752	1.801	5999	1	
0.748	1.776	5999	1	
0.595	0.414	5999	1	
1.181	3.520	5999	1	
0.805	1.850	5999	1	
0.829	2.082	5999	1	
0.939	2.593	5999	1	
0.766	1.839	5999	1	
0.911	2.891	5999	1	
0.684	1.448	5999	1	
0.739	1.708	5999	1	
0.843	1.849	5999	1	
0.930	2.720	5999	1	
0.756	1.878	5999	1	
0.677	1.294	5999	1	
0.754	1.959	5999	1	
1.116	3.189	5999	1	
0.755	1.758	5999	1	
0.704	0.639	5999	1	
0.746	1.876	5999	1	
0.750	1.838	5999	1	
0.550	0.693	5999	1	
1.202	3.671	5999	1	
0.567	0.636	5999	1	
0.761	1.864	5999	1	
0.782	1.830	5999	1	
0.759	1.946	5999	1	
0.756	1.882	5999	1	
0.749	1.859	5999	1	
0.736	1.782	5999	1	
0.748	1.822	5999	1	
0.754	1.913	5999	1	
0.789	1.791	5999	1	
0.751	1.848	5999	1	
0.745	1.831	5999	1	
0.781	1.862	5999	1	
1.252	3.377	5999	1	
1.172	3.478	5999	1	
0.700	1.358	5999	1	
0.804	1.878	5999	1	
0.813	1.992	5999	1	
0.554	0.632	5999	1	
0.748	1.784	5999	1	
0.748	1.767	5999	1	
0.670	1.484	5999	1	
0.893	2.549	5999	1	
0.561	0.675	5999	1	
0.758	1.902	5999	1	
0.770	1.888	5999	1	
0.927	2.791	5999	1	
0.688	1.314	5999	1	
0.762	1.871	5999	1	
0.785	1.882	5999	1	
0.459	0.385	5999	1	
0.686	1.381	5999	1	
0.866	2.016	5999	1	
0.595	0.728	5999	1	
0.778	1.785	5999	1	
0.894	2.629	5999	1	
0.786	1.769	5999	1	
0.748	1.729	5999	1	
1.187	2.968	5999	1	
0.761	1.776	5999	1	
0.843	1.883	5999	1	
0.855	1.903	5999	1	
0.758	1.795	5999	1	
0.744	1.713	5999	1	
0.432	0.362	5999	1	
0.735	1.791	5999	1	
0.762	1.784	5999	1	
1.114	2.894	5999	1	
1.137	3.256	5999	1	
0.768	1.725	5999	1	
1.068	2.682	5999	1	
1.097	2.859	5999	1	
0.748	1.771	5999	1	
0.929	2.276	5999	1	
0.814	1.757	5999	1	
0.748	1.762	5999	1	
1.094	2.827	5999	1	
0.818	2.142	5999	1	
1.135	3.290	5999	1	
0.444	0.360	5999	1	
0.753	1.704	5999	1	
0.786	1.746	5999	1	
0.432	0.360	5999	1	
0.754	1.764	5999	1	
0.744	1.751	5999	1	
0.768	1.772	5999	1	
0.797	1.752	5999	1	
0.669	1.323	5999	1	
0.739	1.715	5999	1	
0.773	1.805	5999	1	
1.059	2.591	5999	1	
0.745	1.801	5999	1	
0.867	2.627	5999	1	
0.867	1.722	5999	1	
0.757	1.810	5999	1	
1.061	2.727	5999	1	
0.607	1.012	5999	1	
0.745	1.873	5999	1	
0.895	2.598	5999	1	
0.635	1.036	5999	1	
0.845	1.767	5999	1	
1.072	2.597	5999	1	
0.545	0.601	5999	1	
0.766	1.751	5999	1	
0.880	1.857	5999	1	
0.850	2.339	5999	1	
0.444	0.360	5999	1	
0.750	1.773	5999	1	
0.431	0.360	5999	1	
0.883	2.566	5999	1	
0.724	1.378	5999	1	
1.160	2.990	5999	1	
0.790	2.060	5999	1	
0.744	1.882	5999	1	
0.747	1.815	5999	1	
0.950	2.109	5999	1	
0.786	2.009	5999	1	
1.053	2.716	5999	1	
1.088	2.936	5999	1	
0.771	1.856	5999	1	
0.839	2.266	5999	1	
0.599	0.991	5999	1	
1.091	2.771	5999	1	
1.077	2.763	5999	1	
1.186	3.566	5999	1	
0.678	1.279	5999	1	
0.744	1.725	5999	1	
0.822	2.286	5999	1	
0.746	1.711	5999	1	
0.740	1.743	5999	1	
1.065	2.837	5999	1	
1.102	2.960	5999	1	
0.780	1.701	5999	1	
0.786	1.738	5999	1	
1.106	3.205	5999	1	
1.144	3.244	5999	1	
0.747	1.840	5999	1	
1.144	3.232	5999	1	
0.969	2.397	5999	1	
1.155	2.959	5999	1	
0.746	1.747	5999	1	
0.803	1.709	5999	1	
0.746	1.754	5999	1	
0.754	1.742	5999	1	
0.725	1.647	5999	1	
0.745	1.731	5999	1	
0.936	2.694	5999	1	
0.739	1.769	5999	1	
0.746	1.734	5999	1	
0.903	2.747	5999	1	
0.777	1.815	5999	1	
0.774	1.738	5999	1	
1.125	3.280	5999	1	
0.748	1.746	5999	1	
0.909	2.546	5999	1	
1.154	3.339	5999	1	
0.734	1.604	5999	1	
0.748	1.770	5999	1	
0.702	1.012	5999	1	
1.058	2.725	5999	1	
0.743	1.799	5999	1	
0.794	1.710	5999	1	
0.748	1.809	5999	1	
1.114	2.929	5999	1	
0.743	1.794	5999	1	
0.752	1.835	5999	1	
0.730	1.668	5999	1	
0.752	1.785	5999	1	
0.959	2.205	5999	1	
0.632	0.359	5999	1	
0.741	1.701	5999	1	
0.763	1.725	5999	1	
0.747	1.792	5999	1	
1.052	2.831	5999	1	
0.780	1.734	5999	1	
0.762	1.709	5999	1	
0.746	1.875	5999	1	
0.662	1.309	5999	1	
0.739	1.722	5999	1	
0.744	1.773	5999	1	
0.891	2.599	5999	1	
0.431	0.360	5999	1	
0.557	0.507	5999	1	
0.750	1.789	5999	1	
0.788	1.736	5999	1	
0.694	1.276	5999	1	
0.752	1.779	5999	1	
1.046	2.686	5999	1	
0.670	1.400	5999	1	
0.666	1.389	5999	1	
0.769	1.710	5999	1	
0.532	0.610	5999	1	
0.429	0.360	5999	1	
0.752	1.773	5999	1	
0.737	1.729	5999	1	
0.736	1.800	5999	1	
0.850	2.393	5999	1	
0.800	1.774	5999	1	
0.742	1.738	5999	1	
0.741	1.799	5999	1	
0.781	1.709	5999	1	
0.665	1.349	5999	1	
1.087	2.982	5999	1	
0.722	1.331	5999	1	
0.739	1.711	5999	1	
0.672	1.364	5999	1	
0.799	1.864	5999	1	
0.741	1.751	5999	1	
0.652	1.188	5999	1	
0.839	2.268	5999	1	
0.746	1.704	5999	1	
0.430	0.363	5999	1	
0.740	1.749	5999	1	
0.778	1.731	5999	1	
0.916	2.537	5999	1	
0.432	0.404	5999	1	
0.654	1.301	5999	1	
0.728	1.710	5999	1	
0.665	1.301	5999	1	
1.140	2.929	5999	1	
1.110	3.022	5999	1	
1.350	3.027	5999	1	
1.166	2.908	5999	1	
0.733	1.702	5999	1	
0.748	1.774	5999	1	
0.692	1.262	5999	1	
0.858	2.296	5999	1	
0.746	1.746	5999	1	
1.056	2.772	5999	1	
1.081	2.792	5999	1	
0.902	2.537	5999	1	
0.732	1.650	5999	1	
1.125	2.940	5999	1	
0.751	1.788	5999	1	
0.792	1.999	5999	1	
0.785	1.711	5999	1	
0.714	1.430	5999	1	
0.672	1.367	5999	1	
0.739	1.738	5999	1	
1.088	2.928	5999	1	
0.866	2.443	5999	1	
0.663	1.330	5999	1	
1.068	3.125	5999	1	
0.685	0.960	5999	1	
0.609	0.941	5999	1	
0.611	0.955	5999	1	
0.748	1.785	5999	1	
1.042	2.704	5999	1	
0.848	1.760	5999	1	
0.774	1.802	5999	1	
0.599	0.926	5999	1	
0.864	2.261	5999	1	
0.757	1.660	5999	1	
0.775	1.939	5999	1	
0.784	1.822	5999	1	
0.740	1.756	5999	1	
0.603	0.937	5999	1	
0.755	1.827	5999	1	
0.742	1.749	5999	1	
1.050	2.703	5999	1	
0.870	1.994	5999	1	
1.023	3.006	5999	1	
0.859	2.323	5999	1	
0.434	0.363	5999	1	
1.071	2.946	5999	1	
0.635	0.944	5999	1	
0.739	1.756	5999	1	
0.813	1.651	5999	1	
1.160	2.694	5999	1	
0.743	1.718	5999	1	
0.746	1.745	5999	1	
0.759	1.794	5999	1	
0.744	1.728	5999	1	
0.561	0.548	5999	1	
0.440	0.360	5999	1	
0.752	1.709	5999	1	
0.761	1.850	5999	1	
0.816	1.999	5999	1	
0.746	1.806	5999	1	
0.909	2.749	5999	1	
0.619	0.459	5999	1	
0.925	2.250	5999	1	
0.827	1.811	5999	1	
0.874	2.038	5999	1	
0.843	1.843	5999	1	
1.236	2.907	5999	1	
0.855	1.926	5999	1	
0.775	1.627	5999	1	
0.805	1.819	5999	1	
1.102	2.130	5999	1	
0.817	1.118	5999	1	
0.911	2.543	5999	1	
0.895	1.848	5999	1	
0.787	1.818	5999	1	
0.779	1.837	5999	1	
1.360	4.510	5999	1	
0.781	1.791	5999	1	
0.808	2.044	5999	1	
0.892	1.859	5999	1	
0.804	1.870	5999	1	
0.614	0.408	5999	1	
0.809	1.866	5999	1	
0.791	1.877	5999	1	
0.778	1.761	5999	1	
0.757	1.783	5999	1	
0.751	1.773	5999	1	
0.518	0.373	5999	1	
0.868	2.421	5999	1	
0.884	2.496	5999	1	
0.796	1.829	5999	1	
0.758	1.796	5999	1	
0.888	2.545	5999	1	
0.758	1.835	5999	1	
0.849	2.377	5999	1	
0.784	1.799	5999	1	
0.774	1.865	5999	1	
0.837	1.894	5999	1	
0.624	1.078	5999	1	
0.444	0.371	5999	1	
0.760	1.827	5999	1	
0.787	1.897	5999	1	
0.862	2.445	5999	1	
0.752	1.737	5999	1	
0.757	1.818	5999	1	
0.672	0.980	5999	1	
0.767	1.802	5999	1	
0.770	1.831	5999	1	
0.778	1.746	5999	1	
0.464	0.385	5999	1	
0.769	1.871	5999	1	
0.929	2.690	5999	1	
0.763	1.299	5999	1	
1.188	3.378	5999	1	
0.701	1.447	5999	1	
0.784	1.843	5999	1	
0.761	1.795	5999	1	
0.749	1.782	5999	1	
0.773	1.827	5999	1	
0.771	1.774	5999	1	
0.792	1.786	5999	1	
0.696	1.391	5999	1	
0.615	0.989	5999	1	
0.813	2.176	5999	1	
0.841	1.885	5999	1	
0.665	1.248	5999	1	
1.659	2.167	5999	1	
1.440	3.177	5999	1	
1.622	6.433	5999	1	
1.161	3.387	5999	1	
0.916	1.078	5999	1	
0.779	0.724	5999	1	
1.099	3.129	5999	1	
1.140	3.203	5999	1	
0.758	0.661	5999	1	
0.981	2.928	5999	1	
1.539	4.670	5999	1	
0.977	2.974	5999	1	
0.942	2.657	5999	1	
0.926	2.263	5999	1	
0.939	2.833	5999	1	
1.079	3.943	5999	1	
1.033	3.565	5999	1	
1.002	2.573	5999	1	
1.295	4.054	5999	1	
0.957	2.657	5999	1	
0.882	2.500	5999	1	
0.908	2.484	5999	1	
0.740	1.283	5999	1	
0.856	2.388	5999	1	
0.750	1.280	5999	1	
0.768	1.674	5999	1	
0.872	2.374	5999	1	
0.833	2.284	5999	1	
0.845	2.055	5999	1	
0.890	2.404	5999	1	
0.815	2.118	5999	1	
0.814	2.055	5999	1	
1.159	3.319	5999	1	
0.935	2.100	5999	1	
0.899	2.227	5999	1	
0.823	2.080	5999	1	
0.809	2.025	5999	1	
1.206	3.548	5999	1	
0.726	1.589	5999	1	
0.861	2.371	5999	1	
0.485	0.413	5999	1	
0.805	2.014	5999	1	
0.795	2.180	5999	1	
0.779	1.853	5999	1	
0.763	1.873	5999	1	
0.859	2.461	5999	1	
1.208	3.724	5999	1	
1.195	3.100	5999	1	
0.682	1.368	5999	1	
0.702	1.425	5999	1	
0.754	1.781	5999	1	
0.745	1.017	5999	1	
0.768	1.823	5999	1	
0.474	0.385	5999	1	
1.294	3.937	5999	1	
0.801	2.061	5999	1	
0.774	1.762	5999	1	
0.745	1.768	5999	1	
0.829	2.334	5999	1	
0.879	2.556	5999	1	
0.752	1.761	5999	1	
1.106	2.963	5999	1	
0.753	1.737	5999	1	
0.755	1.800	5999	1	
0.740	1.738	5999	1	
1.051	2.880	5999	1	
0.752	1.776	5999	1	
0.931	2.547	5999	1	
0.767	1.868	5999	1	
0.752	1.717	5999	1	
1.304	3.528	5999	1	
0.800	1.810	5999	1	
0.872	2.494	5999	1	
0.926	2.473	5999	1	
0.721	1.455	5999	1	
0.763	1.824	5999	1	
0.755	1.814	5999	1	
0.835	1.971	5999	1	
0.793	1.794	5999	1	
0.763	1.833	5999	1	
1.065	2.867	5999	1	
0.795	2.095	5999	1	
0.790	1.786	5999	1	
0.819	1.812	5999	1	
0.767	1.863	5999	1	
0.749	1.776	5999	1	
0.788	1.783	5999	1	
0.805	1.881	5999	1	
0.754	1.829	5999	1	
1.167	2.822	5999	1	
0.762	1.803	5999	1	
1.097	2.832	5999	1	
0.768	1.788	5999	1	
0.789	1.793	5999	1	
0.905	2.139	5999	1	
0.781	1.822	5999	1	
0.905	2.717	5999	1	
0.877	2.569	5999	1	
0.767	1.877	5999	1	
0.822	1.826	5999	1	
0.739	1.524	5999	1	
0.760	1.890	5999	1	
0.894	2.531	5999	1	
0.843	1.760	5999	1	
0.791	1.841	5999	1	
0.787	1.862	5999	1	
0.750	1.768	5999	1	
0.762	1.971	5999	1	
0.750	1.858	5999	1	
0.778	1.778	5999	1	
0.747	1.805	5999	1	
0.758	1.885	5999	1	
0.797	1.884	5999	1	
0.747	1.824	5999	1	
0.857	2.124	5999	1	
0.750	1.882	5999	1	
0.806	2.048	5999	1	
0.794	1.887	5999	1	
0.789	1.892	5999	1	
0.667	1.360	5999	1	
1.257	3.262	5999	1	
0.762	1.884	5999	1	
0.684	1.375	5999	1	
0.748	1.774	5999	1	
0.751	1.824	5999	1	
0.753	1.871	5999	1	
0.790	1.737	5999	1	
0.851	2.312	5999	1	
0.775	1.901	5999	1	
0.893	2.262	5999	1	
0.821	1.828	5999	1	
0.547	0.647	5999	1	
0.852	1.937	5999	1	
1.282	4.031	5999	1	
0.844	1.761	5999	1	
0.765	1.807	5999	1	
0.779	1.828	5999	1	
0.793	1.809	5999	1	
0.674	0.598	5999	1	
0.621	1.051	5999	1	
0.756	1.768	5999	1	
0.751	1.775	5999	1	
0.842	1.745	5999	1	
0.768	1.728	5999	1	
0.573	0.586	5999	1	
0.763	1.800	5999	1	
0.702	1.435	5999	1	
0.949	2.560	5999	1	
0.792	1.766	5999	1	
0.758	1.794	5999	1	
0.765	1.848	5999	1	
0.764	1.737	5999	1	
0.755	1.814	5999	1	
0.754	1.807	5999	1	
0.832	1.850	5999	1	
0.776	1.767	5999	1	
0.772	1.841	5999	1	
0.792	1.732	5999	1	
0.644	1.013	5999	1	
0.602	0.940	5999	1	
0.752	1.808	5999	1	
1.105	2.801	5999	1	
0.758	1.741	5999	1	
0.779	1.803	5999	1	
0.813	2.175	5999	1	
0.768	1.978	5999	1	
0.607	0.942	5999	1	
1.085	2.951	5999	1	
