199.6417643	302.6700000 
200.6097918	301.7300000 
200.5751783	300.7900000 
198.4775681	299.8500000 
200.6444080	298.9100000 
200.5751783	297.9700000 
200.5751783	297.0300000 
200.5751783	296.0900000 
200.5751783	295.1500000 
198.4775681	294.2100000 
200.6444080	293.2700000 
200.5751783	292.3300000 
200.5751783	291.4000000 
200.5751783	290.4600000 
200.5751783	289.5200000 
198.4775681	288.5800000 
200.6444080	287.6400000 
200.5751783	286.7000000 
200.5751783	285.7600000 
200.5751783	284.8200000 
200.5751783	283.8800000 
200.5751783	282.9400000 
198.4775681	282.0000000 
200.6444080	281.0600000 
201.5201815	280.1200000 
203.8071868	279.1800000 
204.1403365	278.2400000 
204.5560195	277.3000000 
204.5560195	276.3600000 
203.6511592	275.4200000 
203.2276755	274.4800000 
204.1403365	273.5400000 
204.5560195	272.6000000 
202.5415730	271.6600000 
202.1474902	270.7200000 
202.1474902	269.7800000 
201.2082869	268.8400000 
202.8902085	267.9000000 
202.1474902	266.9700000 
202.1474902	266.0300000 
202.1474902	265.0900000 
204.1744689	264.1500000 
204.5560195	263.2100000 
203.6511592	262.2700000 
203.2276755	261.3300000 
202.1131315	260.3900000 
204.1744689	259.4500000 
202.5415730	258.5100000 
204.1744689	257.5700000 
203.6511592	256.6300000 
203.2276755	255.6900000 
203.2276755	254.7500000 
204.1403365	253.8100000 
204.5560195	252.8700000 
204.5560195	251.9300000 
204.5560195	250.9900000 
203.6511592	250.0500000 
203.2276755	249.1100000 
203.2276755	248.1700000 
204.1403365	247.2300000 
204.5560195	246.2900000 
203.6511592	245.3500000 
203.2276755	244.4100000 
203.2276755	243.4700000 
203.2276755	242.5400000 
203.2276755	241.6000000 
203.2276755	240.6600000 
203.2276755	239.7200000 
203.2276755	238.7800000 
203.2276755	237.8400000 
203.2276755	236.9000000 
203.2276755	235.9600000 
203.2276755	235.0200000 
203.2276755	234.0800000 
203.2276755	233.1400000 
203.2276755	232.2000000 
203.2276755	231.2600000 
201.1736532	230.3200000 
200.8301473	229.3800000 
200.5751783	228.4400000 
200.5751783	227.5000000 
200.5751783	226.5600000 
198.4775681	225.6200000 
198.5472619	224.6800000 
200.6444080	223.7400000 
200.5751783	222.8000000 
200.5751783	221.8600000 
198.4775681	220.9200000 
200.6444080	219.9800000 
200.5751783	219.0400000 
200.5751783	218.1100000 
200.5751783	217.1700000 
200.5751783	216.2300000 
198.4775681	215.2900000 
198.5472619	214.3500000 
200.6444080	213.4100000 
198.6985299	302.6700000 
182.3259470	301.7300000 
176.6683696	300.7900000 
176.6683696	299.8500000 
176.6683696	298.9100000 
176.6683696	297.9700000 
176.6683696	297.0300000 
176.6683696	296.0900000 
176.6683696	295.1500000 
176.6683696	294.2100000 
176.6683696	293.2700000 
176.6683696	292.3300000 
176.6683696	291.4000000 
176.6683696	290.4600000 
176.6683696	289.5200000 
176.6683696	288.5800000 
176.6683696	287.6400000 
176.6683696	286.7000000 
176.6683696	285.7600000 
176.6683696	284.8200000 
176.6683696	283.8800000 
176.6683696	282.9400000 
176.6683696	282.0000000 
176.6683696	281.0600000 
176.6683696	280.1200000 
176.6683696	279.1800000 
176.6683696	278.2400000 
176.6683696	277.3000000 
176.6683696	276.3600000 
176.6683696	275.4200000 
176.6683696	274.4800000 
176.6683696	273.5400000 
176.6683696	272.6000000 
176.6683696	271.6600000 
176.6683696	270.7200000 
176.6683696	269.7800000 
176.6683696	268.8400000 
176.6683696	267.9000000 
176.6683696	266.9700000 
176.6683696	266.0300000 
176.6683696	265.0900000 
176.6683696	264.1500000 
176.6683696	263.2100000 
176.6683696	262.2700000 
176.6683696	261.3300000 
176.6683696	260.3900000 
176.6683696	259.4500000 
176.6683696	258.5100000 
176.6683696	257.5700000 
176.6683696	256.6300000 
176.6683696	255.6900000 
176.6683696	254.7500000 
176.6683696	253.8100000 
176.6683696	252.8700000 
176.6683696	251.9300000 
176.6683696	250.9900000 
176.6683696	250.0500000 
176.6683696	249.1100000 
176.6683696	248.1700000 
176.6683696	247.2300000 
176.6683696	246.2900000 
176.6683696	245.3500000 
176.6683696	244.4100000 
176.6683696	243.4700000 
176.6683696	242.5400000 
176.6683696	241.6000000 
176.6683696	240.6600000 
176.6683696	239.7200000 
176.6683696	238.7800000 
176.6683696	237.8400000 
176.6683696	236.9000000 
176.6683696	235.9600000 
176.6683696	235.0200000 
176.6683696	234.0800000 
176.6683696	233.1400000 
176.6683696	232.2000000 
176.6683696	231.2600000 
176.6683696	230.3200000 
176.6683696	229.3800000 
176.6683696	228.4400000 
176.6683696	227.5000000 
176.6683696	226.5600000 
176.6683696	225.6200000 
176.6683696	224.6800000 
176.6683696	223.7400000 
176.6683696	222.8000000 
176.6683696	221.8600000 
176.6683696	220.9200000 
176.6683696	219.9800000 
176.6683696	219.0400000 
176.6683696	218.1100000 
176.6683696	217.1700000 
176.6683696	216.2300000 
176.6683696	215.2900000 
176.6683696	214.3500000 
176.6683696	213.4100000 
236.5172773	301.7000000 
232.9224424	299.8200000 
233.8026173	297.9400000 
233.8026173	296.0600000 
233.8026173	294.1800000 
233.8026173	292.3000000 
233.8026173	290.4200000 
233.8026173	288.5400000 
233.8026173	286.6600000 
233.8026173	284.7800000 
233.8026173	282.9000000 
233.8026173	281.0200000 
233.8026173	279.1400000 
233.8026173	277.2600000 
233.8026173	275.3700000 
233.8026173	273.4900000 
233.8026173	271.6100000 
233.8026173	269.7300000 
233.8026173	267.8500000 
233.8026173	265.9700000 
233.8026173	264.0900000 
233.8026173	262.2100000 
233.8026173	260.3300000 
233.8026173	258.4500000 
233.8026173	256.5700000 
233.8026173	254.6900000 
233.8026173	252.8100000 
233.8026173	250.9300000 
233.8026173	249.0500000 
233.8026173	247.1700000 
233.8026173	245.2900000 
233.8026173	243.4100000 
233.8026173	241.5300000 
233.8026173	239.6500000 
233.8026173	237.7700000 
233.8026173	235.8900000 
233.8026173	234.0100000 
233.8026173	232.1300000 
233.8026173	230.2500000 
233.8026173	228.3700000 
233.8026173	226.4900000 
233.8026173	224.6100000 
233.8026173	222.7300000 
233.8026173	220.8500000 
233.8026173	218.9700000 
233.8026173	217.0900000 
233.8026173	215.2100000 
233.8026173	213.3300000 
198.6985299	302.6700000 
182.3259470	301.7300000 
176.6683696	300.7900000 
176.6683696	299.8500000 
176.6683696	298.9100000 
176.6683696	297.9700000 
176.6683696	297.0300000 
176.6683696	296.0900000 
176.6683696	295.1500000 
176.6683696	294.2100000 
176.6683696	293.2700000 
176.6683696	292.3300000 
176.6683696	291.4000000 
176.6683696	290.4600000 
176.6683696	289.5200000 
176.6683696	288.5800000 
176.6683696	287.6400000 
176.6683696	286.7000000 
176.6683696	285.7600000 
176.6683696	284.8200000 
176.6683696	283.8800000 
176.6683696	282.9400000 
176.6683696	282.0000000 
176.6683696	281.0600000 
176.6683696	280.1200000 
176.6683696	279.1800000 
176.6683696	278.2400000 
176.6683696	277.3000000 
176.6683696	276.3600000 
176.6683696	275.4200000 
176.6683696	274.4800000 
176.6683696	273.5400000 
176.6683696	272.6000000 
176.6683696	271.6600000 
176.6683696	270.7200000 
176.6683696	269.7800000 
176.6683696	268.8400000 
176.6683696	267.9000000 
176.6683696	266.9700000 
176.6683696	266.0300000 
176.6683696	265.0900000 
176.6683696	264.1500000 
176.6683696	263.2100000 
176.6683696	262.2700000 
176.6683696	261.3300000 
176.6683696	260.3900000 
176.6683696	259.4500000 
176.6683696	258.5100000 
176.6683696	257.5700000 
176.6683696	256.6300000 
176.6683696	255.6900000 
176.6683696	254.7500000 
176.6683696	253.8100000 
176.6683696	252.8700000 
176.6683696	251.9300000 
176.6683696	250.9900000 
176.6683696	250.0500000 
176.6683696	249.1100000 
176.6683696	248.1700000 
176.6683696	247.2300000 
176.6683696	246.2900000 
176.6683696	245.3500000 
176.6683696	244.4100000 
176.6683696	243.4700000 
176.6683696	242.5400000 
176.6683696	241.6000000 
176.6683696	240.6600000 
176.6683696	239.7200000 
176.6683696	238.7800000 
176.6683696	237.8400000 
176.6683696	236.9000000 
176.6683696	235.9600000 
176.6683696	235.0200000 
176.6683696	234.0800000 
176.6683696	233.1400000 
176.6683696	232.2000000 
176.6683696	231.2600000 
176.6683696	230.3200000 
176.6683696	229.3800000 
176.6683696	228.4400000 
176.6683696	227.5000000 
176.6683696	226.5600000 
176.6683696	225.6200000 
176.6683696	224.6800000 
176.6683696	223.7400000 
176.6683696	222.8000000 
176.6683696	221.8600000 
176.6683696	220.9200000 
176.6683696	219.9800000 
176.6683696	219.0400000 
176.6683696	218.1100000 
176.6683696	217.1700000 
176.6683696	216.2300000 
176.6683696	215.2900000 
176.6683696	214.3500000 
176.6683696	213.4100000 
189.5482795	302.6700000 
170.0832449	301.7300000 
168.7380973	300.7900000 
169.2261671	299.8500000 
171.0303837	298.9100000 
169.9382095	297.9700000 
171.0303837	297.0300000 
167.9303201	296.0900000 
169.2261671	295.1500000 
171.0303837	294.2100000 
169.9382095	293.2700000 
171.0303837	292.3300000 
169.9382095	291.4000000 
169.0167539	290.4600000 
169.0167539	289.5200000 
169.0167539	288.5800000 
171.0303837	287.6400000 
169.9382095	286.7000000 
171.0303837	285.7600000 
169.9382095	284.8200000 
171.0303837	283.8800000 
167.9303201	282.9400000 
169.2261671	282.0000000 
171.0303837	281.0600000 
169.9382095	280.1200000 
171.0303837	279.1800000 
169.9382095	278.2400000 
171.0303837	277.3000000 
167.9303201	276.3600000 
169.2261671	275.4200000 
171.0303837	274.4800000 
169.9382095	273.5400000 
171.0303837	272.6000000 
169.9382095	271.6600000 
171.0303837	270.7200000 
167.9303201	269.7800000 
169.2261671	268.8400000 
171.0303837	267.9000000 
169.9382095	266.9700000 
171.0303837	266.0300000 
169.9382095	265.0900000 
171.0303837	264.1500000 
167.9303201	263.2100000 
169.2261671	262.2700000 
171.0303837	261.3300000 
169.9382095	260.3900000 
171.0303837	259.4500000 
169.9382095	258.5100000 
169.5592461	257.5700000 
169.0167539	256.6300000 
169.0167539	255.6900000 
169.5592461	254.7500000 
169.0167539	253.8100000 
169.0167539	252.8700000 
169.0167539	251.9300000 
169.0167539	250.9900000 
169.0167539	250.0500000 
171.0303837	249.1100000 
169.9382095	248.1700000 
171.0303837	247.2300000 
169.9382095	246.2900000 
171.0303837	245.3500000 
167.9303201	244.4100000 
169.2261671	243.4700000 
171.0303837	242.5400000 
169.9382095	241.6000000 
171.0303837	240.6600000 
169.9382095	239.7200000 
171.0303837	238.7800000 
167.9303201	237.8400000 
171.2483812	236.9000000 
169.9382095	235.9600000 
171.0303837	235.0200000 
169.9382095	234.0800000 
171.0303837	233.1400000 
169.9382095	232.2000000 
169.0167539	231.2600000 
171.0303837	230.3200000 
169.9382095	229.3800000 
171.0303837	228.4400000 
169.9382095	227.5000000 
171.0303837	226.5600000 
169.9382095	225.6200000 
169.0167539	224.6800000 
171.0303837	223.7400000 
169.9382095	222.8000000 
171.0303837	221.8600000 
169.9382095	220.9200000 
171.0303837	219.9800000 
169.9382095	219.0400000 
169.0167539	218.1100000 
171.0303837	217.1700000 
169.9382095	216.2300000 
171.0303837	215.2900000 
169.9382095	214.3500000 
169.0167539	213.4100000 
216.3947577	212.4700000 
213.9582791	211.5300000 
216.3947577	210.5900000 
213.9582791	209.6500000 
216.3947577	208.7100000 
213.9582791	207.7700000 
216.3947577	206.8300000 
213.9582791	205.8900000 
216.3947577	204.9500000 
213.9582791	204.0100000 
216.3947577	203.0700000 
213.9582791	202.1300000 
216.3947577	201.1900000 
213.9582791	200.2500000 
216.3947577	199.3100000 
213.9582791	198.3700000 
216.3947577	197.4300000 
213.9582791	196.4900000 
216.3947577	195.5500000 
213.9582791	194.6100000 
216.3947577	193.6800000 
213.9582791	192.7300000 
216.3947577	346.6700000 
213.9582791	248.8800000 
216.3947577	129.7600000 
213.9582791	130.3000000 
216.3947577	131.2500000 
213.9582791	170.2300000 
216.3947577	320.5000000 
213.9582791	163.0300000 
216.3947577	132.0100000 
213.9582791	131.4000000 
216.3947577	131.1500000 
213.9582791	183.8300000 
216.3947577	318.8800000 
213.9582791	153.1400000 
216.3947577	131.4900000 
213.9582791	131.7500000 
216.3947577	131.6000000 
213.9582791	206.1000000 
216.3947577	311.1000000 
213.9582791	132.0400000 
216.3947577	131.8000000 
213.9582791	131.7400000 
216.3947577	131.6300000 
213.9582791	240.8900000 
216.3947577	269.4700000 
213.9582791	131.7500000 
216.3947577	132.4400000 
213.9582791	131.9300000 
216.3947577	131.0500000 
213.9582791	267.9100000 
216.3947577	231.7600000 
213.9582791	115.6700000 
216.3947577	248.4000000 
213.9582791	731.0800000 
216.3947577	244.9200000 
213.9582791	128.6700000 
216.3947577	146.0700000 
213.9582791	284.3300000 
216.3947577	406.7900000 
213.9582791	447.8000000 
216.3947577	241.5300000 
213.9582791	197.1700000 
216.3947577	61.2200000 
213.9582791	653.9900000 
216.3947577	105.0500000 
213.9582791	56.4420000 
216.3947577	188.3100000 
213.9582791	174.0600000 
216.3947577	567.6700000 
213.9582791	79.5230000 
216.3947577	55.9300000 
213.9582791	56.0150000 
216.3947577	219.0600000 
213.9582791	1747.9000000 
216.3947577	3043.9000000 
213.9582791	3297.3000000 
216.3947577	1084.6000000 
213.9582791	475.2800000 
216.3947577	1157.0000000 
213.9582791	2382.2000000 
216.3947577	2243.2000000 
213.9582791	2232.5000000 
216.3947577	1761.6000000 
213.9582791	815.1500000 
216.3947577	164.2200000 
213.9582791	1194.2000000 
216.3947577	930.2100000 
213.9582791	127.5800000 
216.3947577	126.5300000 
213.9582791	140.4500000 
216.3947577	337.4600000 
213.9582791	70.0060000 
216.3947577	186.3100000 
213.9582791	56.2860000 
102.7695507	56.3690000 
112.6489115	196.7700000 
117.8603300	149.9500000 
115.3434004	56.2210000 
115.3434004	125.5700000 
115.3434004	130.5800000 
115.3434004	553.5200000 
115.3434004	222.0900000 
115.3434004	425.1100000 
115.3434004	127.1400000 
115.3434004	127.5800000 
115.3434004	230.9400000 
115.3434004	236.7400000 
115.3434004	130.5700000 
115.3434004	130.6100000 
115.3434004	131.1200000 
115.3434004	130.6700000 
115.3434004	294.1700000 
115.3434004	179.7700000 
115.3434004	130.3800000 
115.3434004	128.9700000 
115.3434004	129.2700000 
115.3434004	285.9200000 
115.3434004	196.4300000 
115.3434004	130.2800000 
115.3434004	130.9200000 
115.3434004	131.1000000 
115.3434004	227.0400000 
115.3434004	257.4300000 
115.3434004	131.6500000 
115.3434004	132.3100000 
115.3434004	132.1800000 
115.3434004	182.3000000 
115.3434004	301.7700000 
115.3434004	132.5600000 
115.3434004	132.4300000 
115.3434004	132.5900000 
115.3434004	132.4700000 
115.3434004	318.5300000 
115.3434004	160.9300000 
115.3434004	132.8200000 
115.3434004	132.4800000 
115.3434004	132.8600000 
115.3434004	304.1200000 
115.3434004	167.0300000 
115.3434004	132.8600000 
115.3434004	132.7400000 
115.3434004	133.2300000 
115.3434004	262.5200000 
115.3434004	140.8700000 
115.3434004	221.3600000 
115.3434004	1117.2000000 
115.3434004	880.5500000 
115.3434004	451.6800000 
115.3434004	55.1430000 
115.3434004	54.8550000 
115.3434004	58.0900000 
115.3434004	242.3700000 
115.3434004	86.9940000 
115.3434004	55.0010000 
115.3434004	127.3400000 
115.3434004	151.3100000 
115.3434004	55.9110000 
115.3434004	280.9100000 
115.3434004	119.0400000 
115.3434004	117.8900000 
115.3434004	276.4700000 
115.3434004	155.6400000 
115.3434004	100.2200000 
115.3434004	233.4100000 
115.3434004	411.8300000 
115.3434004	177.8400000 
115.3434004	181.6400000 
115.3434004	239.1200000 
115.3434004	186.6100000 
115.3434004	163.7800000 
115.3434004	54.7970000 
115.3434004	127.8300000 
115.3434004	225.6200000 
115.3434004	488.2900000 
115.3434004	54.4800000 
115.3434004	106.5400000 
115.3434004	214.0200000 
115.3434004	54.2890000 
115.3434004	54.2650000 
115.3434004	54.4390000 
115.3434004	54.3830000 
115.3434004	215.5900000 
115.3434004	121.7700000 
115.3434004	54.3990000 
115.3434004	54.1350000 
115.3434004	55.0980000 
115.3434004	1684.6000000 
115.3434004	1205.4000000 
115.3434004	155.7300000 
115.3434004	155.0300000 
-25.4114066	966.0500000 
-44.8976248	1999.1000000 
-51.4057739	691.3200000 
-44.6267210	1996.1000000 
-51.4057739	836.6500000 
-44.6267210	139.9200000 
-51.4057739	139.7200000 
-44.6267210	257.2700000 
-51.4057739	270.5000000 
-44.6267210	138.0700000 
-51.4057739	138.3400000 
-44.6267210	138.3700000 
-51.4057739	138.5900000 
-44.6267210	254.9200000 
-51.4057739	263.8100000 
-44.6267210	139.2000000 
-51.4057739	139.3500000 
-44.6267210	139.3800000 
-51.4057739	141.0500000 
-44.6267210	441.7000000 
-51.4057739	375.9700000 
-44.6267210	128.9300000 
-51.4057739	128.4500000 
-44.6267210	128.6300000 
-51.4057739	129.1000000 
-44.6267210	281.3900000 
-51.4057739	214.3800000 
-44.6267210	131.1500000 
-51.4057739	129.4700000 
-44.6267210	129.3200000 
-51.4057739	130.1700000 
-44.6267210	294.1100000 
-51.4057739	200.6200000 
-44.6267210	129.5000000 
-51.4057739	129.7500000 
-44.6267210	129.9500000 
-51.4057739	162.1100000 
-44.6267210	315.4000000 
-51.4057739	137.4900000 
-44.6267210	129.6900000 
-51.4057739	130.4200000 
-44.6267210	129.6000000 
-51.4057739	129.3300000 
-44.6267210	273.7200000 
-51.4057739	219.2300000 
-44.6267210	129.2300000 
-51.4057739	145.9000000 
-44.6267210	280.5500000 
-51.4057739	129.4200000 
-44.6267210	128.6900000 
-51.4057739	128.7700000 
-44.6267210	128.9000000 
-51.4057739	128.7600000 
-44.6267210	140.6400000 
-51.4057739	713.9200000 
-44.6267210	827.2100000 
-51.4057739	98.6500000 
-44.6267210	128.6400000 
-51.4057739	154.9000000 
-44.6267210	55.0890000 
-51.4057739	55.0070000 
-44.6267210	55.2580000 
-51.4057739	55.2560000 
-44.6267210	55.1380000 
-51.4057739	200.6600000 
-44.6267210	148.5600000 
-51.4057739	55.3280000 
-44.6267210	62.6410000 
-51.4057739	222.6200000 
-44.6267210	54.9780000 
-51.4057739	55.0400000 
-44.6267210	54.7770000 
-51.4057739	54.9520000 
-44.6267210	54.9400000 
-51.4057739	113.4100000 
-44.6267210	233.5800000 
-51.4057739	61.0290000 
-44.6267210	55.1800000 
-51.4057739	100.1800000 
-44.6267210	194.4000000 
-51.4057739	55.1010000 
-44.6267210	54.8680000 
-51.4057739	54.6890000 
-44.6267210	54.8760000 
-51.4057739	55.2730000 
-44.6267210	171.7800000 
-51.4057739	185.1100000 
-44.6267210	55.1950000 
-51.4057739	55.1640000 
-44.6267210	104.2100000 
-51.4057739	207.0400000 
-44.6267210	55.0220000 
-51.4057739	54.9070000 
-44.6267210	55.4510000 
-51.4057739	58.2780000 
-44.6267210	55.1570000 
177.9296818	302.6700000 
140.4651797	301.7300000 
142.1841827	300.7900000 
139.9684006	299.8500000 
142.1841827	298.9100000 
139.9684006	297.9700000 
142.1841827	297.0300000 
139.9684006	296.0900000 
142.1841827	295.1500000 
139.9684006	294.2100000 
142.1841827	293.2700000 
139.9684006	292.3300000 
142.1841827	291.4000000 
139.9684006	290.4600000 
142.1841827	289.5200000 
139.9684006	288.5800000 
142.1841827	287.6400000 
139.9684006	286.7000000 
142.1841827	285.7600000 
139.9684006	284.8200000 
142.1841827	283.8800000 
139.9684006	282.9400000 
142.1841827	282.0000000 
139.9684006	281.0600000 
142.1841827	280.1200000 
139.9684006	279.1800000 
142.1841827	278.2400000 
139.9684006	277.3000000 
142.1841827	276.3600000 
139.9684006	275.4200000 
142.1841827	274.4800000 
139.9684006	273.5400000 
142.1841827	272.6000000 
139.9684006	271.6600000 
142.1841827	270.7200000 
139.9684006	269.7800000 
142.1841827	268.8400000 
139.9684006	267.9000000 
142.1841827	266.9700000 
139.9684006	266.0300000 
142.1841827	265.0900000 
145.1246328	264.1500000 
138.9674163	263.2100000 
144.5005858	262.2700000 
139.9684006	261.3300000 
142.1841827	260.3900000 
139.9684006	259.4500000 
142.1841827	258.5100000 
139.9684006	257.5700000 
142.1841827	256.6300000 
139.9684006	255.6900000 
142.1841827	254.7500000 
139.9684006	253.8100000 
142.1841827	252.8700000 
139.9684006	251.9300000 
142.1841827	250.9900000 
139.9684006	250.0500000 
142.1841827	249.1100000 
139.9684006	248.1700000 
142.1841827	247.2300000 
139.9684006	246.2900000 
142.1841827	245.3500000 
139.9684006	244.4100000 
142.1841827	243.4700000 
139.9684006	242.5400000 
142.1841827	241.6000000 
139.9684006	240.6600000 
142.1841827	239.7200000 
139.9684006	238.7800000 
142.1841827	237.8400000 
139.9684006	236.9000000 
142.1841827	235.9600000 
139.9684006	235.0200000 
142.1841827	234.0800000 
139.9684006	233.1400000 
142.1841827	232.2000000 
139.9684006	231.2600000 
142.1841827	230.3200000 
139.9684006	229.3800000 
142.1841827	228.4400000 
139.9684006	227.5000000 
142.1841827	226.5600000 
139.9684006	225.6200000 
142.1841827	224.6800000 
139.9684006	223.7400000 
142.1841827	222.8000000 
139.9684006	221.8600000 
142.1841827	220.9200000 
139.9684006	219.9800000 
142.1841827	219.0400000 
139.9684006	218.1100000 
142.1841827	217.1700000 
139.9684006	216.2300000 
142.1841827	215.2900000 
139.9684006	214.3500000 
142.1841827	213.4100000 
232.5286957	212.4700000 
234.1813383	211.5300000 
236.4748568	210.5900000 
236.4748568	209.6500000 
236.4748568	208.7100000 
236.4748568	207.7700000 
236.4748568	206.8300000 
236.4748568	205.8900000 
236.4748568	204.9500000 
236.4748568	204.0100000 
236.4748568	203.0700000 
236.4748568	202.1300000 
236.4748568	201.1900000 
236.4748568	200.2500000 
236.4748568	199.3100000 
236.4748568	198.3700000 
236.4748568	197.4300000 
236.4748568	196.4900000 
236.4748568	195.5500000 
236.4748568	194.6100000 
236.4748568	193.6800000 
236.4748568	192.7300000 
236.4748568	346.6700000 
236.4748568	248.8800000 
236.4748568	129.7600000 
236.4748568	130.3000000 
236.4748568	131.2500000 
236.4748568	170.2300000 
236.4748568	320.5000000 
236.4748568	163.0300000 
236.4748568	132.0100000 
236.4748568	131.4000000 
236.4748568	131.1500000 
236.4748568	183.8300000 
236.4748568	318.8800000 
236.4748568	153.1400000 
236.4748568	131.4900000 
236.4748568	131.7500000 
236.4748568	131.6000000 
236.4748568	206.1000000 
236.4748568	311.1000000 
236.4748568	132.0400000 
236.4748568	131.8000000 
236.4748568	131.7400000 
236.4748568	131.6300000 
236.4748568	240.8900000 
236.4748568	269.4700000 
236.4748568	131.7500000 
236.4748568	132.4400000 
236.4748568	131.9300000 
236.4748568	131.0500000 
236.4748568	267.9100000 
236.4748568	231.7600000 
236.4748568	115.6700000 
236.4748568	248.4000000 
236.4748568	731.0800000 
236.4748568	244.9200000 
236.4748568	128.6700000 
236.4748568	146.0700000 
236.4748568	284.3300000 
236.4748568	406.7900000 
236.4748568	447.8000000 
236.4748568	241.5300000 
236.4748568	197.1700000 
236.4748568	61.2200000 
236.4748568	653.9900000 
236.4748568	105.0500000 
236.4748568	56.4420000 
236.4748568	188.3100000 
236.4748568	174.0600000 
236.4748568	567.6700000 
236.4748568	79.5230000 
236.4748568	55.9300000 
236.4748568	56.0150000 
236.4748568	219.0600000 
236.4748568	1747.9000000 
236.4748568	3043.9000000 
236.4748568	3297.3000000 
236.4748568	1084.6000000 
236.4748568	475.2800000 
236.4748568	1157.0000000 
236.4748568	2382.2000000 
236.4748568	2243.2000000 
236.4748568	2232.5000000 
236.4748568	1761.6000000 
236.4748568	815.1500000 
236.4748568	164.2200000 
236.4748568	1194.2000000 
236.4748568	930.2100000 
236.4748568	127.5800000 
236.4748568	126.5300000 
236.4748568	140.4500000 
236.4748568	337.4600000 
236.4748568	70.0060000 
236.4748568	186.3100000 
236.4748568	56.2860000 
109.5237495	56.3690000 
103.1634771	196.7700000 
102.9870903	149.9500000 
102.9576832	56.2210000 
102.9576832	125.5700000 
102.9576832	130.5800000 
102.9576832	553.5200000 
102.9576832	222.0900000 
102.9576832	425.1100000 
102.9576832	127.1400000 
102.9576832	127.5800000 
102.9576832	230.9400000 
102.9576832	236.7400000 
102.9576832	130.5700000 
102.9576832	130.6100000 
102.9576832	131.1200000 
102.9576832	130.6700000 
102.9576832	294.1700000 
102.9576832	179.7700000 
102.9576832	130.3800000 
102.9576832	128.9700000 
102.9576832	129.2700000 
102.9576832	285.9200000 
102.9576832	196.4300000 
102.9576832	130.2800000 
102.9576832	130.9200000 
102.9576832	131.1000000 
102.9576832	227.0400000 
102.9576832	257.4300000 
102.9576832	131.6500000 
102.9576832	132.3100000 
102.9576832	132.1800000 
102.9576832	182.3000000 
102.9576832	301.7700000 
102.9576832	132.5600000 
102.9576832	132.4300000 
102.9576832	132.5900000 
102.9576832	132.4700000 
102.9576832	318.5300000 
102.9576832	160.9300000 
102.9576832	132.8200000 
102.9576832	132.4800000 
102.9576832	132.8600000 
102.9576832	304.1200000 
102.9576832	167.0300000 
102.9576832	132.8600000 
102.9576832	132.7400000 
102.9576832	133.2300000 
102.9576832	262.5200000 
102.9576832	140.8700000 
102.9576832	221.3600000 
102.9576832	1117.2000000 
102.9576832	880.5500000 
102.9576832	451.6800000 
102.9576832	55.1430000 
102.9576832	54.8550000 
102.9576832	58.0900000 
102.9576832	242.3700000 
102.9576832	86.9940000 
102.9576832	55.0010000 
102.9576832	127.3400000 
102.9576832	151.3100000 
102.9576832	55.9110000 
102.9576832	280.9100000 
102.9576832	119.0400000 
102.9576832	117.8900000 
102.9576832	276.4700000 
102.9576832	155.6400000 
102.9576832	100.2200000 
102.9576832	233.4100000 
102.9576832	411.8300000 
102.9576832	177.8400000 
102.9576832	181.6400000 
102.9576832	239.1200000 
102.9576832	186.6100000 
102.9576832	163.7800000 
102.9576832	54.7970000 
102.9576832	127.8300000 
102.9576832	225.6200000 
102.9576832	488.2900000 
102.9576832	54.4800000 
102.9576832	106.5400000 
102.9576832	214.0200000 
102.9576832	54.2890000 
102.9576832	54.2650000 
102.9576832	54.4390000 
102.9576832	54.3830000 
102.9576832	215.5900000 
102.9576832	121.7700000 
102.9576832	54.3990000 
102.9576832	54.1350000 
102.9576832	55.0980000 
102.9576832	1684.6000000 
102.9576832	1205.4000000 
102.9576832	155.7300000 
102.9576832	155.0300000 
256.5366400	966.0500000 
242.9791883	1999.1000000 
242.9791883	691.3200000 
242.9791883	1996.1000000 
242.9791883	836.6500000 
242.9791883	139.9200000 
242.9791883	139.7200000 
242.9791883	257.2700000 
240.1581482	270.5000000 
252.6675465	138.0700000 
242.9791883	138.3400000 
242.9791883	138.3700000 
242.9791883	138.5900000 
242.9791883	254.9200000 
242.9791883	263.8100000 
242.9791883	139.2000000 
242.9791883	139.3500000 
242.9791883	139.3800000 
242.9791883	141.0500000 
252.6675465	441.7000000 
242.9791883	375.9700000 
245.6078297	128.9300000 
245.6078297	128.4500000 
242.9791883	128.6300000 
252.6675465	129.1000000 
242.9791883	281.3900000 
242.9791883	214.3800000 
242.9791883	131.1500000 
242.9791883	129.4700000 
252.6675465	129.3200000 
252.6675465	130.1700000 
252.6675465	294.1100000 
252.6675465	200.6200000 
242.9791883	129.5000000 
252.6675465	129.7500000 
252.6675465	129.9500000 
252.6675465	162.1100000 
252.6675465	315.4000000 
252.6675465	137.4900000 
252.6675465	129.6900000 
242.9791883	130.4200000 
252.6675465	129.6000000 
252.6675465	129.3300000 
242.9791883	273.7200000 
242.9791883	219.2300000 
242.9791883	129.2300000 
242.9791883	145.9000000 
242.9791883	280.5500000 
242.9791883	129.4200000 
242.9791883	128.6900000 
242.9791883	128.7700000 
242.9791883	128.9000000 
242.9791883	128.7600000 
242.9791883	140.6400000 
242.9791883	713.9200000 
242.9791883	827.2100000 
252.6675465	98.6500000 
242.9791883	128.6400000 
242.9791883	154.9000000 
242.9791883	55.0890000 
242.9791883	55.0070000 
242.9791883	55.2580000 
242.9791883	55.2560000 
242.9791883	55.1380000 
242.9791883	200.6600000 
242.9791883	148.5600000 
242.9791883	55.3280000 
242.9791883	62.6410000 
242.9791883	222.6200000 
242.9791883	54.9780000 
242.9791883	55.0400000 
242.9791883	54.7770000 
242.9791883	54.9520000 
242.9791883	54.9400000 
242.9791883	113.4100000 
242.9791883	233.5800000 
242.9791883	61.0290000 
242.9791883	55.1800000 
242.9791883	100.1800000 
242.9791883	194.4000000 
242.9791883	55.1010000 
242.9791883	54.8680000 
242.9791883	54.6890000 
242.9791883	54.8760000 
242.9791883	55.2730000 
242.9791883	171.7800000 
242.9791883	185.1100000 
242.9791883	55.1950000 
242.9791883	55.1640000 
242.9791883	104.2100000 
242.9791883	207.0400000 
242.9791883	55.0220000 
242.9791883	54.9070000 
242.9791883	55.4510000 
242.9791883	58.2780000 
242.9791883	55.1570000 
202.2085304	301.7000000 
29.4635277	299.8200000 
42.3017238	297.9400000 
44.1712430	296.0600000 
44.1451824	294.1800000 
42.4222125	292.3000000 
43.2596488	290.4200000 
42.3694720	288.5400000 
42.3430966	286.6600000 
42.3167177	284.7800000 
40.1751361	282.9000000 
35.0251121	281.0200000 
36.7864686	279.1400000 
35.6517667	277.2600000 
35.6517667	275.3700000 
34.7203815	273.4900000 
35.3499700	271.6100000 
34.7203815	269.7300000 
35.6517667	267.8500000 
35.6517667	265.9700000 
35.6517667	264.0900000 
34.7203815	262.2100000 
35.6517667	260.3300000 
35.6517667	258.4500000 
34.7203815	256.5700000 
29.3206049	254.6900000 
29.0412994	252.8100000 
34.4793879	250.9300000 
34.7203815	249.0500000 
29.3206049	247.1700000 
34.4793879	245.2900000 
34.7203815	243.4100000 
29.3206049	241.5300000 
34.1733158	239.6500000 
33.8603298	237.7700000 
34.4163493	235.8900000 
34.7203815	234.0100000 
35.5684785	232.1300000 
35.8702753	230.2500000 
30.5190148	228.3700000 
35.8702753	226.4900000 
35.8702753	224.6100000 
30.5190148	222.7300000 
30.5190148	220.8500000 
30.5190148	218.9700000 
30.5190148	217.0900000 
30.5190148	215.2100000 
30.5190148	213.3300000 
206.5750377	211.4500000 
204.2192223	209.5700000 
203.0961290	207.6800000 
203.4370151	205.8000000 
203.3291005	203.9200000 
203.3290522	202.0400000 
203.9317827	200.1600000 
203.9317349	198.2800000 
203.9316872	196.4000000 
203.9315200	194.5200000 
203.9314722	242.2400000 
203.9314483	229.5200000 
203.9314483	130.4800000 
205.0865846	208.6300000 
203.8386272	183.9900000 
205.0865846	131.4600000 
203.8386272	215.1100000 
204.5535227	178.4000000 
204.5597771	131.6300000 
204.5597771	226.1600000 
204.5597771	164.3600000 
204.5597771	131.7300000 
204.5598254	242.8300000 
204.5597771	144.2600000 
204.5598254	131.7500000 
204.5597771	249.9000000 
204.5598013	117.7400000 
204.5598013	545.9600000 
204.5598013	137.5100000 
204.5598013	292.4500000 
204.5598013	381.9300000 
204.5598013	162.1900000 
204.5598013	380.1200000 
204.5598013	88.6760000 
204.5598013	341.1100000 
204.5598013	131.2600000 
204.5598013	104.3800000 
204.5598013	1812.1000000 
204.5598013	2602.9000000 
203.3938564	566.4900000 
203.3938564	2338.4000000 
203.3938564	2173.0000000 
203.3938564	704.0600000 
203.3938564	887.3500000 
203.3938564	321.1600000 
203.3938564	220.2500000 
203.3938564	94.5630000 
203.3938564	121.3200000 
214.3735287	173.2300000 
221.5998389	77.7860000 
222.2489809	291.4100000 
222.2489809	225.7000000 
222.2489809	276.4800000 
222.2489809	233.2700000 
222.2489809	130.2800000 
222.2489809	130.9800000 
222.2489809	237.1600000 
222.2489809	129.6900000 
222.2489809	175.2700000 
222.2489809	195.4200000 
222.2489809	131.0200000 
222.2489809	239.2900000 
222.2489809	134.5800000 
222.2489809	132.2500000 
222.2489809	242.0500000 
222.2489809	132.4400000 
222.2489809	194.5100000 
222.2489809	177.8300000 
222.2489809	132.7400000 
222.2489809	235.4200000 
222.2489809	132.8800000 
222.2489809	166.5000000 
222.2489809	181.2100000 
222.2489809	991.6900000 
222.2489809	303.5700000 
222.2489809	55.3860000 
222.2489809	165.6600000 
222.2489809	60.6780000 
222.2489809	134.0000000 
222.2489809	189.3200000 
222.2489809	170.5700000 
222.2489809	163.0500000 
222.2489809	258.5100000 
222.2489809	215.1000000 
222.2489809	238.1300000 
222.2489809	114.8900000 
222.2489809	153.2400000 
222.2489809	294.9300000 
222.2489809	142.6300000 
222.2489809	71.9330000 
222.2489809	54.4030000 
222.2489809	168.5400000 
222.2489809	54.3370000 
222.2489809	512.9500000 
222.2489809	1021.7000000 
222.2489809	161.9500000 
227.0155122	1751.6000000 
235.3224152	1410.7000000 
234.8561803	140.2300000 
234.8561803	260.9000000 
234.8561803	141.3800000 
234.8561803	138.3700000 
234.8561803	259.2700000 
234.8561803	139.1900000 
234.8561803	139.9800000 
234.8561803	409.6300000 
234.8561803	128.7600000 
234.8561803	128.7400000 
234.8561803	247.8200000 
234.8561803	130.2500000 
234.8561803	129.6600000 
234.8561803	247.2600000 
234.8561803	129.6600000 
234.8561803	129.8500000 
234.8561803	242.4600000 
234.8561803	130.0600000 
234.8561803	129.5000000 
234.8561803	246.3200000 
234.8561803	129.1500000 
234.8561803	213.2900000 
234.8561803	128.7100000 
234.8561803	128.9700000 
234.8561803	302.2000000 
234.8561803	598.6700000 
234.8561803	141.6400000 
234.8561803	55.0630000 
234.8561803	55.2350000 
234.8561803	103.4200000 
234.8561803	126.4100000 
234.8561803	125.1500000 
234.8561803	72.5030000 
234.8561803	54.8650000 
234.8561803	58.7460000 
234.8561803	172.6300000 
234.8561803	55.1240000 
234.8561803	147.1700000 
234.8561803	54.8710000 
234.8561803	54.9900000 
234.8561803	178.3500000 
234.8561803	55.2100000 
234.8561803	146.3100000 
234.8561803	64.3050000 
234.8561803	56.4600000 
234.8561803	106.3700000 
-241.1900961	300.5100000 
-255.3399385	296.7500000 
-249.5818996	292.9800000 
-247.3003282	289.2200000 
-247.3003282	285.4600000 
-243.2920654	281.7000000 
-247.3003282	277.9400000 
-247.3003282	274.1800000 
-243.2920654	270.4100000 
-247.3003282	266.6500000 
-243.2920654	262.8900000 
-245.0536456	259.1300000 
-245.0536456	255.3700000 
-247.2996180	251.6100000 
-247.2996180	247.8400000 
-249.5811894	244.0800000 
-247.3119356	240.3200000 
-247.3119356	236.5600000 
-247.3119356	232.8000000 
-247.3119356	229.0400000 
-249.5818996	225.2800000 
-249.5818996	221.5100000 
-249.5818996	217.7500000 
-245.5503554	213.9900000 
217.2067317	210.2300000 
218.9529873	206.4700000 
220.7166836	202.7100000 
220.9141083	198.9400000 
220.9141083	195.1800000 
220.9141083	231.0700000 
220.9141083	183.6000000 
220.9141083	143.7800000 
220.9141083	196.7300000 
220.9141083	192.7600000 
220.9141083	134.1700000 
220.7166836	193.5700000 
220.7166836	190.6600000 
220.7166836	334.7200000 
222.4973457	221.0700000 
222.4973457	257.1700000 
220.7166836	248.5100000 
220.7166836	222.0500000 
220.7166836	1210.9000000 
220.7166836	1546.5000000 
220.7166836	2134.6000000 
220.7166836	785.8800000 
220.7166836	201.9600000 
220.7166836	94.0660000 
-257.4312977	131.4100000 
-251.3994085	332.8000000 
-251.5069799	180.5300000 
-251.5069799	130.7300000 
-251.5069799	183.2900000 
-259.6841902	185.4200000 
-256.3434229	186.5700000 
-249.3636088	144.0100000 
-252.4937520	175.4300000 
-232.7230670	186.1400000 
-249.3636088	184.0700000 
-266.5289877	165.3900000 
-266.5289877	589.2900000 
-270.0819543	154.8700000 
-270.0819543	128.3800000 
-270.0819543	151.5000000 
-270.0819543	162.2200000 
-240.1418525	252.0200000 
-257.7754638	160.0200000 
-240.6338741	224.0000000 
-228.9050303	107.2300000 
-249.6481412	111.5100000 
-266.3893388	490.5200000 
-275.8290714	593.2700000 
-113.4578191	1380.3000000 
187.2183970	201.7700000 
-112.0301145	138.3500000 
187.2183970	199.2800000 
-112.0301145	273.8900000 
187.2183970	128.7800000 
-112.0301145	189.0500000 
187.2183970	188.5100000 
-112.0301145	141.2800000 
187.2183970	174.7400000 
-112.0301145	187.9000000 
187.2183970	171.2200000 
-112.0301145	128.7600000 
187.2183970	443.3900000 
-112.0301145	98.3600000 
187.2183970	95.7850000 
-112.0301145	118.0100000 
187.2183970	54.9330000 
-112.0301145	115.6400000 
187.2183970	101.1600000 
-112.0301145	54.9370000 
187.2183970	116.7500000 
-112.0301145	105.2400000 
187.2183970	98.2970000 
183.7171124	302.6700000 
161.2985933	301.7300000 
163.2376857	300.7900000 
168.0164047	299.8500000 
165.3784170	298.9100000 
162.1640476	297.9700000 
161.4129961	297.0300000 
159.8099552	296.0900000 
159.7652222	295.1500000 
162.1768789	294.2100000 
166.0145068	293.2700000 
161.9550522	292.3300000 
165.7308102	291.4000000 
159.8462868	290.4600000 
167.2134041	289.5200000 
164.0650657	288.5800000 
166.7093675	287.6400000 
162.7265551	286.7000000 
161.0620499	285.7600000 
166.4451555	284.8200000 
159.5423239	283.8800000 
165.3604274	282.9400000 
165.7107104	282.0000000 
166.4560500	281.0600000 
166.4560500	280.1200000 
159.5423239	279.1800000 
168.7837057	278.2400000 
164.0650657	277.3000000 
165.5596450	276.3600000 
166.7919441	275.4200000 
166.4560500	274.4800000 
166.4560500	273.5400000 
162.9705947	272.6000000 
164.6003395	271.6600000 
168.0164047	270.7200000 
166.4560500	269.7800000 
167.4274465	268.8400000 
166.0207152	267.9000000 
165.3784170	266.9700000 
167.0901189	266.0300000 
164.0650657	265.0900000 
169.0762596	264.1500000 
169.3264270	263.2100000 
169.9438080	262.2700000 
169.9438080	261.3300000 
164.8469651	260.3900000 
168.0164047	259.4500000 
166.4560500	258.5100000 
334.5234598	257.5700000 
341.9677887	256.6300000 
341.9478763	255.6900000 
344.8459654	254.7500000 
337.0364354	253.8100000 
340.9923852	252.8700000 
337.1425301	251.9300000 
337.3898299	250.9900000 
339.0722232	250.0500000 
333.5328043	249.1100000 
338.0623580	248.1700000 
339.7283246	247.2300000 
341.1999873	246.2900000 
341.1999873	245.3500000 
338.7169901	244.4100000 
335.0041954	243.4700000 
334.1215356	242.5400000 
339.5208617	241.6000000 
337.1289790	240.6600000 
341.3644433	239.7200000 
341.1999873	238.7800000 
338.7169901	237.8400000 
337.1571952	236.9000000 
336.4902917	235.9600000 
341.5886957	235.0200000 
340.0609467	234.0800000 
342.8469173	233.1400000 
342.8469173	232.2000000 
337.1289790	231.2600000 
337.2582357	230.3200000 
338.9777503	229.3800000 
340.4200999	228.4400000 
338.6010337	227.5000000 
342.8860525	226.5600000 
345.8978509	225.6200000 
339.6769686	224.6800000 
337.1289790	223.7400000 
336.4902917	222.8000000 
340.2433788	221.8600000 
342.8469173	220.9200000 
345.4805591	219.9800000 
346.8814354	219.0400000 
333.8189004	218.1100000 
336.2707821	217.1700000 
338.3833460	216.2300000 
346.3735479	215.2900000 
339.4106437	214.3500000 
341.8394093	213.4100000 
381.3447141	302.6700000 
402.7778129	301.7300000 
396.2795690	300.7900000 
396.3331692	299.8500000 
396.3331692	298.9100000 
398.5184712	297.9700000 
397.2945364	297.0300000 
401.3548406	296.0900000 
391.9571008	295.1500000 
390.6445101	294.2100000 
394.9379924	293.2700000 
394.2559888	292.3300000 
399.9748057	291.4000000 
395.4504630	290.4600000 
397.2039126	289.5200000 
394.9355509	288.5800000 
394.8147699	287.6400000 
403.0269590	286.7000000 
398.6453204	285.7600000 
399.0049775	284.8200000 
397.6558196	283.8800000 
398.5094081	282.9400000 
393.2294326	282.0000000 
396.7067868	281.0600000 
396.3331692	280.1200000 
400.7899044	279.1800000 
398.9869992	278.2400000 
400.2857945	277.3000000 
400.7534641	276.3600000 
395.4792096	275.4200000 
395.5237944	274.4800000 
400.7990154	273.5400000 
400.7534641	272.6000000 
400.7534641	271.6600000 
400.7534641	270.7200000 
400.7534641	269.7800000 
391.1120106	268.8400000 
398.4382215	267.9000000 
404.7205865	266.9700000 
396.1096927	266.0300000 
400.7899044	265.0900000 
400.1678443	264.1500000 
396.2974343	263.2100000 
395.5148767	262.2700000 
391.1557397	261.3300000 
399.2491263	260.3900000 
396.3063675	259.4500000 
397.0327724	258.5100000 
401.5286990	257.5700000 
401.4918551	256.6300000 
396.1617999	255.6900000 
391.7923637	254.7500000 
399.2491263	253.8100000 
400.7625736	252.8700000 
401.5010655	251.9300000 
401.4918551	250.9900000 
399.1993417	250.0500000 
394.7343869	249.1100000 
392.0124195	248.1700000 
397.0100730	247.2300000 
398.5094081	246.2900000 
401.5194875	245.3500000 
396.1617999	244.4100000 
399.2451555	243.4700000 
399.2176661	242.5400000 
397.0056774	241.6000000 
394.6142271	240.6600000 
404.4133725	239.7200000 
393.2494448	238.7800000 
404.4418695	237.8400000 
396.8071007	236.9000000 
401.5379110	235.9600000 
398.2614386	235.0200000 
396.3153010	234.0800000 
399.7475751	233.1400000 
402.8390779	232.2000000 
401.4826451	231.2600000 
396.1617999	230.3200000 
401.5379110	229.3800000 
396.9876160	228.4400000 
395.8517372	227.5000000 
399.7566643	226.5600000 
401.5102763	225.6200000 
401.4918551	224.6800000 
396.1617999	223.7400000 
400.7899044	222.8000000 
396.2974343	221.8600000 
394.6230447	220.9200000 
404.4133725	219.9800000 
396.1096927	219.0400000 
400.7899044	218.1100000 
395.4792096	217.1700000 
396.3421039	216.2300000 
396.3331692	215.2900000 
394.6230447	214.3500000 
400.5312745	213.4100000 
99.0411720	301.7000000 
86.4964767	299.8200000 
90.9837473	297.9400000 
93.0276768	296.0600000 
87.8480685	294.1800000 
90.0984981	292.3000000 
91.0911098	290.4200000 
95.9991892	288.5400000 
84.3019530	286.6600000 
91.0087809	284.7800000 
93.9933772	282.9000000 
90.9118998	281.0200000 
92.0164664	279.1400000 
89.3462961	277.2600000 
93.5482841	275.3700000 
89.3188995	273.4900000 
92.7517534	271.6100000 
90.7466514	269.7300000 
92.3250481	267.8500000 
89.5053651	265.9700000 
94.5547204	264.0900000 
90.5658087	262.2100000 
92.1845030	260.3300000 
90.5587315	258.4500000 
91.2548332	256.5700000 
94.4756741	254.6900000 
86.1399592	252.8100000 
91.0851419	250.9300000 
95.8226489	249.0500000 
88.2807903	247.1700000 
95.4168218	245.2900000 
87.8095635	243.4100000 
92.9698942	241.5300000 
87.1204885	239.6500000 
90.7021684	237.7700000 
91.7188742	235.8900000 
94.8441199	234.0100000 
86.6760935	232.1300000 
92.6939351	230.2500000 
91.0634256	228.3700000 
91.5452109	226.4900000 
92.2885468	224.6100000 
89.6665751	222.7300000 
89.1517963	220.8500000 
88.6467612	218.9700000 
89.0422565	217.0900000 
93.5055034	215.2100000 
87.9397063	213.3300000 
108.7036387	300.5100000 
137.6341791	296.7500000 
132.7417769	292.9800000 
152.4247851	289.2200000 
139.9515733	285.4600000 
162.1671360	281.7000000 
150.7793721	277.9400000 
150.6548773	274.1800000 
154.2379946	270.4100000 
138.7502662	266.6500000 
144.9094001	262.8900000 
139.5541208	259.1300000 
144.9942355	255.3700000 
133.2568376	251.6100000 
135.2809838	247.8400000 
133.6603612	244.0800000 
132.9014941	240.3200000 
145.4200993	236.5600000 
151.1978744	232.8000000 
146.2196796	229.0400000 
142.1166752	225.2800000 
133.0302561	221.5100000 
133.0302561	217.7500000 
140.8222127	213.9900000 
218.9759153	302.6700000 
195.6177443	301.7300000 
192.9139944	300.7900000 
192.7855683	299.8500000 
192.7855683	298.9100000 
192.7855683	297.9700000 
192.7855683	297.0300000 
192.7855683	296.0900000 
192.7855683	295.1500000 
192.7855683	294.2100000 
192.7855683	293.2700000 
192.7855683	292.3300000 
192.7855683	291.4000000 
192.7855683	290.4600000 
192.7855683	289.5200000 
192.7855683	288.5800000 
192.7855683	287.6400000 
192.7855683	286.7000000 
192.7855683	285.7600000 
192.7855683	284.8200000 
192.7855683	283.8800000 
192.7855683	282.9400000 
192.7855683	282.0000000 
192.7855683	281.0600000 
192.7855683	280.1200000 
192.7855683	279.1800000 
192.7855683	278.2400000 
192.7855683	277.3000000 
192.7855683	276.3600000 
192.7855683	275.4200000 
192.7855683	274.4800000 
192.7855683	273.5400000 
192.7855683	272.6000000 
192.7855683	271.6600000 
192.7855683	270.7200000 
192.7855683	269.7800000 
192.7855683	268.8400000 
192.7855683	267.9000000 
192.7855683	266.9700000 
192.7855683	266.0300000 
192.7855683	265.0900000 
192.7855683	264.1500000 
192.7855683	263.2100000 
192.7855683	262.2700000 
192.7855683	261.3300000 
192.7855683	260.3900000 
192.7855683	259.4500000 
192.7855683	258.5100000 
232.2812565	302.6700000 
242.5859459	301.7300000 
242.3551166	300.7900000 
241.9739878	299.8500000 
245.1620829	298.9100000 
241.9739878	297.9700000 
245.5653138	297.0300000 
242.3551166	296.0900000 
242.3551166	295.1500000 
242.3551166	294.2100000 
242.3551166	293.2700000 
241.9739878	292.3300000 
245.1620829	291.4000000 
242.3551166	290.4600000 
242.3551166	289.5200000 
242.3551166	288.5800000 
242.3551166	287.6400000 
242.3551166	286.7000000 
241.9739878	285.7600000 
245.1620829	284.8200000 
242.3551166	283.8800000 
242.3551166	282.9400000 
242.3551166	282.0000000 
242.3551166	281.0600000 
242.3551166	280.1200000 
241.9739878	279.1800000 
245.1620829	278.2400000 
242.3551166	277.3000000 
242.3551166	276.3600000 
242.3551166	275.4200000 
242.3551166	274.4800000 
242.3551166	273.5400000 
241.9739878	272.6000000 
245.1620829	271.6600000 
242.3551166	270.7200000 
242.3551166	269.7800000 
242.3551166	268.8400000 
242.3551166	267.9000000 
244.4353546	266.9700000 
241.9739878	266.0300000 
245.1620829	265.0900000 
244.4353546	264.1500000 
241.9739878	263.2100000 
245.1620829	262.2700000 
241.9739878	261.3300000 
245.1620829	260.3900000 
244.4353546	259.4500000 
242.3551166	258.5100000 
242.3551166	257.5700000 
242.3551166	256.6300000 
242.3551166	255.6900000 
242.3551166	254.7500000 
242.3551166	253.8100000 
242.3551166	252.8700000 
242.3551166	251.9300000 
242.3551166	250.9900000 
242.3551166	250.0500000 
242.3551166	249.1100000 
242.3551166	248.1700000 
241.9739878	247.2300000 
245.5653138	246.2900000 
242.3551166	245.3500000 
242.3551166	244.4100000 
242.3551166	243.4700000 
242.3551166	242.5400000 
242.3551166	241.6000000 
241.9739878	240.6600000 
245.5653138	239.7200000 
242.3551166	238.7800000 
242.3551166	237.8400000 
242.3551166	236.9000000 
242.3551166	235.9600000 
242.3551166	235.0200000 
241.9739878	234.0800000 
245.5653138	233.1400000 
242.3551166	232.2000000 
242.3551166	231.2600000 
242.3551166	230.3200000 
242.3551166	229.3800000 
242.3551166	228.4400000 
241.9739878	227.5000000 
245.5653138	226.5600000 
242.3551166	225.6200000 
242.3551166	224.6800000 
242.3551166	223.7400000 
241.9739878	222.8000000 
245.1620829	221.8600000 
242.3551166	220.9200000 
242.3551166	219.9800000 
242.3551166	219.0400000 
242.3551166	218.1100000 
242.3551166	217.1700000 
242.3551166	216.2300000 
241.9739878	215.2900000 
245.5653138	214.3500000 
242.3551166	213.4100000 
224.7711533	212.4700000 
223.9031835	211.5300000 
223.7206587	210.5900000 
223.7206587	209.6500000 
223.7206587	208.7100000 
223.7206587	207.7700000 
223.7206587	206.8300000 
223.7206587	205.8900000 
223.7206587	204.9500000 
223.7206587	204.0100000 
223.7206587	203.0700000 
223.7206587	202.1300000 
223.7206587	201.1900000 
223.7206587	200.2500000 
223.7206587	199.3100000 
223.7206587	198.3700000 
223.7206587	197.4300000 
223.7206587	196.4900000 
223.7206587	195.5500000 
223.7206587	194.6100000 
223.7206587	193.6800000 
223.7206587	192.7300000 
223.7206587	346.6700000 
223.7206587	248.8800000 
223.7206587	129.7600000 
223.7206587	130.3000000 
223.7206587	131.2500000 
223.7206587	170.2300000 
223.7206587	320.5000000 
223.7206587	163.0300000 
223.7206587	132.0100000 
223.7206587	131.4000000 
223.7206587	131.1500000 
223.7206587	183.8300000 
223.7206587	318.8800000 
223.7206587	153.1400000 
223.7206587	131.4900000 
223.7206587	131.7500000 
223.7206587	131.6000000 
223.7206587	206.1000000 
223.7206587	311.1000000 
223.7206587	132.0400000 
223.7206587	131.8000000 
223.7206587	131.7400000 
223.7206587	131.6300000 
223.7206587	240.8900000 
223.7206587	269.4700000 
223.7206587	131.7500000 
223.7206587	132.4400000 
223.7206587	131.9300000 
223.7206587	131.0500000 
223.7206587	267.9100000 
223.7206587	231.7600000 
223.7206587	115.6700000 
223.7206587	248.4000000 
223.7206587	731.0800000 
223.7206587	244.9200000 
223.7206587	128.6700000 
223.7206587	146.0700000 
223.7206587	284.3300000 
223.7206587	406.7900000 
223.7206587	447.8000000 
223.7206587	241.5300000 
223.7206587	197.1700000 
223.7206587	61.2200000 
223.7206587	653.9900000 
223.7206587	105.0500000 
223.7206587	56.4420000 
223.7206587	188.3100000 
223.7206587	174.0600000 
223.7206587	567.6700000 
223.7206587	79.5230000 
223.7206587	55.9300000 
223.7206587	56.0150000 
223.7206587	219.0600000 
223.7206587	1747.9000000 
223.7206587	3043.9000000 
223.7206587	3297.3000000 
223.7206587	1084.6000000 
223.7206587	475.2800000 
223.7206587	1157.0000000 
223.7206587	2382.2000000 
223.7206587	2243.2000000 
223.7206587	2232.5000000 
223.7206587	1761.6000000 
223.7206587	815.1500000 
223.7206587	164.2200000 
223.7206587	1194.2000000 
223.7206587	930.2100000 
223.7206587	127.5800000 
223.7206587	126.5300000 
223.7206587	140.4500000 
223.7206587	337.4600000 
223.7206587	70.0060000 
223.7206587	186.3100000 
223.7206587	56.2860000 
196.6661918	56.3690000 
209.5442286	196.7700000 
207.4610971	149.9500000 
214.8283106	56.2210000 
207.4610971	125.5700000 
207.4610971	130.5800000 
207.4610971	553.5200000 
201.0118890	222.0900000 
217.4753412	425.1100000 
207.4610971	127.1400000 
199.4181367	127.5800000 
201.8437810	230.9400000 
201.8437810	236.7400000 
207.7851283	130.5700000 
204.2771821	130.6100000 
209.1086721	131.1200000 
204.2771821	130.6700000 
201.8437810	294.1700000 
209.1086721	179.7700000 
205.0673717	130.3800000 
210.9255818	128.9700000 
205.0673717	129.2700000 
210.9255818	285.9200000 
205.0673717	196.4300000 
203.8319683	130.2800000 
209.8110279	130.9200000 
205.0673717	131.1000000 
203.8319683	227.0400000 
202.6456557	257.4300000 
202.6456557	131.6500000 
202.6456557	132.3100000 
202.6456557	132.1800000 
202.6456557	182.3000000 
202.6456557	301.7700000 
202.6456557	132.5600000 
202.6456557	132.4300000 
202.6456557	132.5900000 
202.6456557	132.4700000 
202.6456557	318.5300000 
202.6456557	160.9300000 
202.6456557	132.8200000 
202.6456557	132.4800000 
202.6456557	132.8600000 
202.6456557	304.1200000 
202.6456557	167.0300000 
202.6456557	132.8600000 
202.6456557	132.7400000 
202.6456557	133.2300000 
202.6456557	262.5200000 
202.6456557	140.8700000 
202.6456557	221.3600000 
202.6456557	1117.2000000 
202.6456557	880.5500000 
202.6456557	451.6800000 
202.6456557	55.1430000 
202.6456557	54.8550000 
202.6456557	58.0900000 
202.6456557	242.3700000 
202.6456557	86.9940000 
202.6456557	55.0010000 
202.6456557	127.3400000 
202.6456557	151.3100000 
202.6456557	55.9110000 
202.6456557	280.9100000 
202.6456557	119.0400000 
202.6456557	117.8900000 
202.6456557	276.4700000 
202.6456557	155.6400000 
202.6456557	100.2200000 
202.6456557	233.4100000 
202.6456557	411.8300000 
202.6456557	177.8400000 
202.6456557	181.6400000 
202.6456557	239.1200000 
202.6456557	186.6100000 
202.6456557	163.7800000 
202.6456557	54.7970000 
202.6456557	127.8300000 
202.6456557	225.6200000 
202.6456557	488.2900000 
202.6456557	54.4800000 
202.6456557	106.5400000 
202.6456557	214.0200000 
202.6456557	54.2890000 
202.6456557	54.2650000 
202.6456557	54.4390000 
202.6456557	54.3830000 
202.6456557	215.5900000 
202.6456557	121.7700000 
202.6456557	54.3990000 
202.6456557	54.1350000 
202.6456557	55.0980000 
202.6456557	1684.6000000 
202.6456557	1205.4000000 
202.6456557	155.7300000 
202.6456557	155.0300000 
208.7948070	966.0500000 
207.8579494	1999.1000000 
205.9745573	691.3200000 
199.7099405	1996.1000000 
198.1016599	836.6500000 
196.4783148	139.9200000 
199.4358973	139.7200000 
197.2672060	257.2700000 
200.1668124	270.5000000 
194.7064835	138.0700000 
201.3279285	138.3400000 
195.9913638	138.3700000 
206.0154394	138.5900000 
203.0047547	254.9200000 
194.3871365	263.8100000 
199.9521957	139.2000000 
197.4812013	139.3500000 
201.2084706	139.3800000 
196.9821378	141.0500000 
201.8422771	441.7000000 
197.1937964	375.9700000 
201.2084706	128.9300000 
195.4070838	128.4500000 
199.0767541	128.6300000 
195.8892845	129.1000000 
203.9302814	281.3900000 
200.3586864	214.3800000 
200.4668791	131.1500000 
197.4572546	129.4700000 
204.4662643	129.3200000 
200.9529592	130.1700000 
197.4572546	294.1100000 
202.3654333	200.6200000 
201.5245843	129.5000000 
196.1299191	129.7500000 
200.4546756	129.9500000 
197.2444378	162.1100000 
200.9621699	315.4000000 
197.2444378	137.4900000 
204.1954799	129.6900000 
197.5329630	130.4200000 
197.4039886	129.6000000 
198.8496786	129.3300000 
197.2672060	273.7200000 
200.9621699	219.2300000 
197.2444378	129.2300000 
200.9621699	145.9000000 
200.4668791	280.5500000 
197.2444378	129.4200000 
200.9621699	128.6900000 
195.6744670	128.7700000 
203.6660032	128.9000000 
200.1250952	128.7600000 
199.2422292	140.6400000 
202.5215253	713.9200000 
200.1579761	827.2100000 
200.4668791	98.6500000 
200.4668791	128.6400000 
204.0257269	154.9000000 
199.5100190	55.0890000 
200.5042391	55.0070000 
200.4668791	55.2580000 
200.4668791	55.2560000 
198.8603137	55.1380000 
198.8905511	200.6600000 
199.2744944	148.5600000 
197.2672060	55.3280000 
200.9621699	62.6410000 
204.0257269	222.6200000 
197.5329630	54.9780000 
200.9621699	55.0400000 
199.2422292	54.7770000 
197.2672060	54.9520000 
207.8306463	54.9400000 
205.6982496	113.4100000 
197.5329630	233.5800000 
200.9621699	61.0290000 
199.2422292	55.1800000 
204.0798411	100.1800000 
204.2365960	194.4000000 
204.2365960	55.1010000 
204.2365960	54.8680000 
202.8950382	54.6890000 
201.7841130	54.8760000 
203.7947729	55.2730000 
205.7118186	171.7800000 
206.2677135	185.1100000 
204.2365960	55.1950000 
204.2365960	55.1640000 
197.5329630	104.2100000 
209.9418249	207.0400000 
214.4284443	55.0220000 
207.7248114	54.9070000 
205.6982496	55.4510000 
197.5329630	58.2780000 
200.9621699	55.1570000 
229.1649025	301.7000000 
223.1544827	299.8200000 
208.3690672	297.9400000 
219.4320426	296.0600000 
221.5267067	294.1800000 
224.2896443	292.3000000 
220.0102190	290.4200000 
221.5784014	288.5400000 
216.5499533	286.6600000 
210.1779116	284.7800000 
211.4886765	282.9000000 
212.3038581	281.0200000 
211.6071583	279.1400000 
207.7612427	277.2600000 
214.6339076	275.3700000 
218.7552086	273.4900000 
218.6655177	271.6100000 
212.0440368	269.7300000 
214.1319707	267.8500000 
209.1607000	265.9700000 
206.1221239	264.0900000 
203.4021774	262.2100000 
210.2335606	260.3300000 
205.5929350	258.4500000 
208.8596895	256.5700000 
208.1663474	254.6900000 
205.7725518	252.8100000 
203.3682778	250.9300000 
202.4873181	249.0500000 
203.0410400	247.1700000 
204.8454050	245.2900000 
207.4985083	243.4100000 
211.4148459	241.5300000 
208.7190832	239.6500000 
209.2892996	237.7700000 
208.3165030	235.8900000 
210.6496980	234.0100000 
216.0065911	232.1300000 
212.4766736	230.2500000 
217.4196481	228.3700000 
216.5876872	226.4900000 
216.1619672	224.6100000 
216.9856285	222.7300000 
217.8393186	220.8500000 
215.7870221	218.9700000 
213.9621132	217.0900000 
214.6243488	215.2100000 
215.8044603	213.3300000 
106.9653774	211.4500000 
131.7831574	209.5700000 
126.1623537	207.6800000 
127.6797935	205.8000000 
127.4134838	203.9200000 
132.0810316	202.0400000 
123.2166996	200.1600000 
127.3808422	198.2800000 
131.7778697	196.4000000 
121.8874286	194.5200000 
129.3559671	242.2400000 
135.1718896	229.5200000 
122.0783658	130.4800000 
127.6439509	208.6300000 
129.5888294	183.9900000 
133.3008948	131.4600000 
120.5131103	215.1100000 
127.3959821	178.4000000 
131.7932229	131.6300000 
125.8745450	226.1600000 
133.3721781	164.3600000 
126.0143187	131.7300000 
133.3721781	242.8300000 
126.0143187	144.2600000 
133.3721781	131.7500000 
126.0143187	249.9000000 
133.3721781	117.7400000 
126.0143187	545.9600000 
133.3721781	137.5100000 
126.0143187	292.4500000 
133.3721781	381.9300000 
126.0143187	162.1900000 
133.3721781	380.1200000 
124.4314275	88.6760000 
131.7079493	341.1100000 
125.7892715	131.2600000 
131.7079493	104.3800000 
125.7892715	1812.1000000 
131.7079493	2602.9000000 
125.7892715	566.4900000 
133.6504077	2338.4000000 
124.4314275	2173.0000000 
131.7079493	704.0600000 
125.7892715	887.3500000 
131.7079493	321.1600000 
125.7892715	220.2500000 
131.7079493	94.5630000 
125.7892715	121.3200000 
225.3683565	173.2300000 
223.7815467	77.7860000 
225.5919799	291.4100000 
223.7815467	225.7000000 
225.5919799	276.4800000 
223.7815467	233.2700000 
225.5919799	130.2800000 
223.7815467	130.9800000 
225.5919799	237.1600000 
223.7815467	129.6900000 
225.5919799	175.2700000 
223.7815467	195.4200000 
225.5919799	131.0200000 
223.7815467	239.2900000 
225.5919799	134.5800000 
223.7815467	132.2500000 
225.5919799	242.0500000 
223.7815467	132.4400000 
225.5919799	194.5100000 
223.7815467	177.8300000 
225.5919799	132.7400000 
223.7815467	235.4200000 
225.5919799	132.8800000 
223.7815467	166.5000000 
225.5919799	181.2100000 
223.7815467	991.6900000 
225.5919799	303.5700000 
223.7815467	55.3860000 
225.5919799	165.6600000 
223.7815467	60.6780000 
225.5919799	134.0000000 
223.7815467	189.3200000 
225.5919799	170.5700000 
223.7815467	163.0500000 
225.5919799	258.5100000 
223.7815467	215.1000000 
225.5919799	238.1300000 
223.7815467	114.8900000 
225.5919799	153.2400000 
223.7815467	294.9300000 
225.5919799	142.6300000 
223.7815467	71.9330000 
225.5919799	54.4030000 
223.7815467	168.5400000 
225.5919799	54.3370000 
223.7815467	512.9500000 
225.5919799	1021.7000000 
223.7815467	161.9500000 
-32.2070831	1751.6000000 
-44.5077277	1410.7000000 
-49.9618359	140.2300000 
-49.9679936	260.9000000 
-49.9679936	141.3800000 
-49.9679936	138.3700000 
-49.9679936	259.2700000 
-49.9679936	139.1900000 
-49.9679936	139.9800000 
-49.9679936	409.6300000 
-49.9679936	128.7600000 
-49.9679936	128.7400000 
-49.9679936	247.8200000 
-49.9679936	130.2500000 
-49.9679936	129.6600000 
-49.9679936	247.2600000 
-49.9679936	129.6600000 
-49.9679936	129.8500000 
-49.9679936	242.4600000 
-49.9679936	130.0600000 
-49.9679936	129.5000000 
-49.9679936	246.3200000 
-49.9679936	129.1500000 
-49.9679936	213.2900000 
-49.9679936	128.7100000 
-49.9679936	128.9700000 
-49.9679936	302.2000000 
-49.9679936	598.6700000 
-49.9679936	141.6400000 
-49.9679936	55.0630000 
-49.9679936	55.2350000 
-49.9679936	103.4200000 
-49.9679936	126.4100000 
-49.9679936	125.1500000 
-49.9679936	72.5030000 
-49.9679936	54.8650000 
-49.9679936	58.7460000 
-49.9679936	172.6300000 
-49.9679936	55.1240000 
-49.9679936	147.1700000 
-49.9679936	54.8710000 
-49.9679936	54.9900000 
-49.9679936	178.3500000 
-49.9679936	55.2100000 
-49.9679936	146.3100000 
-49.9679936	64.3050000 
-49.9679936	56.4600000 
-49.9679936	106.3700000 
235.3530275	300.5100000 
94.9799407	296.7500000 
111.0171340	292.9800000 
109.1604198	289.2200000 
116.0250733	285.4600000 
116.4431378	281.7000000 
115.4588905	277.9400000 
109.5239840	274.1800000 
108.6048310	270.4100000 
111.4647040	266.6500000 
109.5273896	262.8900000 
109.1496709	259.1300000 
106.4502805	255.3700000 
107.7156381	251.6100000 
111.4030011	247.8400000 
107.9036007	244.0800000 
110.0939303	240.3200000 
107.5334638	236.5600000 
110.4468426	232.8000000 
108.1996833	229.0400000 
109.8517723	225.2800000 
107.8227138	221.5100000 
108.9735326	217.7500000 
109.1533930	213.9900000 
357.7811579	210.2300000 
362.5494734	206.4700000 
364.9271137	202.7100000 
364.4052861	198.9400000 
364.9996265	195.1800000 
366.7415398	231.0700000 
366.7424303	183.6000000 
366.7424303	143.7800000 
364.5896255	196.7300000 
366.0636476	192.7600000 
362.6643154	134.1700000 
362.6624303	193.5700000 
366.0627419	190.6600000 
362.8351026	334.7200000 
366.0627419	221.0700000 
366.0645532	257.1700000 
366.0645532	248.5100000 
366.0645532	222.0500000 
366.4952144	1210.9000000 
365.4203613	1546.5000000 
367.1744385	2134.6000000 
368.2629955	785.8800000 
365.4212752	201.9600000 
368.2621117	94.0660000 
237.2940605	131.4100000 
249.4834359	332.8000000 
244.7405020	180.5300000 
244.9762669	130.7300000 
248.2751614	183.2900000 
239.2569867	185.4200000 
243.3716813	186.5700000 
240.5901294	144.0100000 
240.9479343	175.4300000 
244.2626878	186.1400000 
242.1553895	184.0700000 
240.6462164	165.3900000 
239.8126261	589.2900000 
243.3401932	154.8700000 
241.3642012	128.3800000 
242.5765900	151.5000000 
242.5765900	162.2200000 
242.8738479	252.0200000 
244.1409451	160.0200000 
243.2703783	224.0000000 
244.8294242	107.2300000 
247.2582371	111.5100000 
243.6508548	490.5200000 
244.9369415	593.2700000 
241.2203775	1380.3000000 
240.5597221	201.7700000 
240.5597221	138.3500000 
241.7938552	199.2800000 
241.7938552	273.8900000 
240.5597221	128.7800000 
240.5597221	189.0500000 
240.5597221	188.5100000 
240.5597221	141.2800000 
240.5597221	174.7400000 
240.5597221	187.9000000 
240.5597221	171.2200000 
240.5597221	128.7600000 
240.5597221	443.3900000 
240.5597221	98.3600000 
240.5597221	95.7850000 
240.5597221	118.0100000 
240.5597221	54.9330000 
240.5597221	115.6400000 
240.5597221	101.1600000 
240.5597221	54.9370000 
240.5597221	116.7500000 
240.5597221	105.2400000 
240.5597221	98.2970000 
210.5807826	302.6700000 
199.7497092	301.7300000 
197.0930900	300.7900000 
186.2779095	299.8500000 
188.8329121	298.9100000 
188.5634679	297.9700000 
188.5634679	297.0300000 
190.0125279	296.0900000 
194.6758896	295.1500000 
199.2565511	294.2100000 
188.9228838	293.2700000 
183.0711114	292.3300000 
195.8871783	291.4000000 
208.9554670	290.4600000 
194.1623353	289.5200000 
196.4568875	288.5800000 
194.2227937	287.6400000 
194.0254343	286.7000000 
192.1079501	285.7600000 
195.4627017	284.8200000 
200.9303543	283.8800000 
192.9783871	282.9400000 
197.2312825	282.0000000 
191.0329561	281.0600000 
183.4664882	280.1200000 
192.8075020	279.1800000 
189.2267223	278.2400000 
183.4821196	277.3000000 
193.4631932	276.3600000 
197.2931360	275.4200000 
192.9026253	274.4800000 
197.8590908	273.5400000 
197.5687915	272.6000000 
195.2925465	271.6600000 
204.2341085	270.7200000 
194.1918594	269.7800000 
198.2315575	268.8400000 
192.1371354	267.9000000 
193.1875147	266.9700000 
194.2688863	266.0300000 
193.9641932	265.0900000 
196.2271547	264.1500000 
192.4666119	263.2100000 
195.3169722	262.2700000 
195.0457385	261.3300000 
200.9303543	260.3900000 
191.2608584	259.4500000 
186.9321674	258.5100000 
-542.1807064	257.5700000 
-486.0585782	256.6300000 
-486.0585782	255.6900000 
-486.0585782	254.7500000 
-486.0585782	253.8100000 
-486.0585782	252.8700000 
-486.0585782	251.9300000 
-486.0585782	250.9900000 
-486.0585782	250.0500000 
-486.0585782	249.1100000 
-486.0585782	248.1700000 
-486.0585782	247.2300000 
-486.0585782	246.2900000 
-486.0585782	245.3500000 
-486.0585782	244.4100000 
-486.0585782	243.4700000 
-486.0585782	242.5400000 
-486.0585782	241.6000000 
-486.0585782	240.6600000 
-486.0585782	239.7200000 
-486.0585782	238.7800000 
-486.0585782	237.8400000 
-486.0585782	236.9000000 
-486.0585782	235.9600000 
-486.0585782	235.0200000 
-486.0585782	234.0800000 
-486.0585782	233.1400000 
-486.0585782	232.2000000 
-486.0585782	231.2600000 
-486.0585782	230.3200000 
-486.0585782	229.3800000 
-486.0585782	228.4400000 
-486.0585782	227.5000000 
-486.0585782	226.5600000 
-486.0585782	225.6200000 
-486.0585782	224.6800000 
-486.0585782	223.7400000 
-486.0585782	222.8000000 
-486.0585782	221.8600000 
-486.0585782	220.9200000 
-486.0585782	219.9800000 
-486.0585782	219.0400000 
-486.0585782	218.1100000 
-486.0585782	217.1700000 
-486.0585782	216.2300000 
-486.0585782	215.2900000 
-486.0585782	214.3500000 
-486.0585782	213.4100000 
216.2089958	212.4700000 
214.6520944	211.5300000 
218.3643643	210.5900000 
212.5057160	209.6500000 
216.0790971	208.7100000 
214.6520944	207.7700000 
218.3643643	206.8300000 
212.5057160	205.8900000 
216.0790971	204.9500000 
214.6520944	204.0100000 
218.3643643	203.0700000 
212.5057160	202.1300000 
216.0790971	201.1900000 
214.6520944	200.2500000 
218.3643643	199.3100000 
212.5057160	198.3700000 
216.0790971	197.4300000 
214.6520944	196.4900000 
218.3643643	195.5500000 
212.5057160	194.6100000 
216.0790971	193.6800000 
214.6520944	192.7300000 
218.3643643	346.6700000 
212.5057160	248.8800000 
216.0790971	129.7600000 
214.6520944	130.3000000 
218.3643643	131.2500000 
212.5057160	170.2300000 
216.0790971	320.5000000 
214.6520944	163.0300000 
218.3643643	132.0100000 
212.5057160	131.4000000 
216.0790971	131.1500000 
214.6520944	183.8300000 
218.3643643	318.8800000 
212.5057160	153.1400000 
216.0790971	131.4900000 
214.6520944	131.7500000 
218.3643643	131.6000000 
212.5057160	206.1000000 
216.0790971	311.1000000 
214.6520944	132.0400000 
218.3643643	131.8000000 
212.5057160	131.7400000 
216.0790971	131.6300000 
214.6520944	240.8900000 
218.3643643	269.4700000 
212.5057160	131.7500000 
201.7244662	132.4400000 
202.9479750	131.9300000 
202.6560891	131.0500000 
202.6560891	267.9100000 
202.6560891	231.7600000 
202.6560891	115.6700000 
202.6560891	248.4000000 
202.6560891	731.0800000 
202.6560891	244.9200000 
202.6560891	128.6700000 
202.6560891	146.0700000 
202.6560891	284.3300000 
202.6560891	406.7900000 
202.6560891	447.8000000 
202.6560891	241.5300000 
202.6560891	197.1700000 
202.6560891	61.2200000 
202.6560891	653.9900000 
202.6560891	105.0500000 
202.6560891	56.4420000 
202.3938194	188.3100000 
202.3938194	174.0600000 
202.3938194	567.6700000 
202.3938194	79.5230000 
202.3938194	55.9300000 
202.3938194	56.0150000 
202.3938194	219.0600000 
202.3938194	1747.9000000 
202.3938194	3043.9000000 
202.3938194	3297.3000000 
202.3938194	1084.6000000 
202.6560891	475.2800000 
202.6560891	1157.0000000 
202.3938194	2382.2000000 
202.3938194	2243.2000000 
202.3938194	2232.5000000 
202.3938194	1761.6000000 
202.6560891	815.1500000 
202.3938194	164.2200000 
202.3938194	1194.2000000 
202.3938194	930.2100000 
202.3938194	127.5800000 
202.3938194	126.5300000 
202.6560891	140.4500000 
202.3938194	337.4600000 
202.3938194	70.0060000 
202.3938194	186.3100000 
202.3938194	56.2860000 
239.6030172	56.3690000 
243.5721358	196.7700000 
236.6287473	149.9500000 
230.5204464	56.2210000 
236.6287473	125.5700000 
248.5254226	130.5800000 
250.4018128	553.5200000 
245.7142595	222.0900000 
236.6642149	425.1100000 
245.9963731	127.1400000 
250.7158144	127.5800000 
245.9963731	230.9400000 
245.7142595	236.7400000 
236.6642149	130.5700000 
236.6642149	130.6100000 
245.9312338	131.1200000 
241.1794674	130.6700000 
247.1196099	294.1700000 
238.0080004	179.7700000 
241.1794674	130.3800000 
238.6097879	128.9700000 
238.6097879	129.2700000 
238.6097879	285.9200000 
242.7274418	196.4300000 
244.5271570	130.2800000 
243.2606035	130.9200000 
238.4148276	131.1000000 
251.5547041	227.0400000 
246.8887681	257.4300000 
247.2110208	131.6500000 
247.2110208	132.3100000 
242.8137882	132.1800000 
248.3561746	182.3000000 
247.5013414	301.7700000 
242.5549277	132.5600000 
242.5549277	132.4300000 
242.5549277	132.5900000 
242.9844367	132.4700000 
243.7000815	318.5300000 
245.7142595	160.9300000 
242.5549277	132.8200000 
242.5549277	132.4800000 
245.7142595	132.8600000 
245.7142595	304.1200000 
246.8671509	167.0300000 
245.7142595	132.8600000 
245.7142595	132.7400000 
245.7142595	133.2300000 
-68.4664648	262.5200000 
-66.2829250	140.8700000 
-66.2829250	221.3600000 
-66.2829250	1117.2000000 
-66.2829250	880.5500000 
-66.2829250	451.6800000 
-66.2829250	55.1430000 
-66.2829250	54.8550000 
-66.2829250	58.0900000 
-66.2829250	242.3700000 
-66.2829250	86.9940000 
-66.2829250	55.0010000 
-66.2829250	127.3400000 
-66.2829250	151.3100000 
-66.2829250	55.9110000 
-66.2829250	280.9100000 
-66.2829250	119.0400000 
-66.2829250	117.8900000 
-66.2829250	276.4700000 
-66.2829250	155.6400000 
-66.2829250	100.2200000 
-66.2829250	233.4100000 
-66.2829250	411.8300000 
-66.2829250	177.8400000 
-66.2829250	181.6400000 
-66.2829250	239.1200000 
-66.2829250	186.6100000 
-66.2829250	163.7800000 
-66.2829250	54.7970000 
-66.2829250	127.8300000 
-66.2829250	225.6200000 
-66.2829250	488.2900000 
-66.2829250	54.4800000 
-66.2829250	106.5400000 
-66.2829250	214.0200000 
-66.2829250	54.2890000 
-66.2829250	54.2650000 
-66.2829250	54.4390000 
-66.2829250	54.3830000 
-66.2829250	215.5900000 
-66.2829250	121.7700000 
-66.2829250	54.3990000 
-66.2829250	54.1350000 
-66.2829250	55.0980000 
-66.2829250	1684.6000000 
-66.2829250	1205.4000000 
-66.2829250	155.7300000 
-66.2829250	155.0300000 
191.7062486	302.6700000 
190.8781339	301.7300000 
186.6244232	300.7900000 
187.1774420	299.8500000 
185.0005833	298.9100000 
184.3714615	297.9700000 
183.3171353	297.0300000 
182.1932742	296.0900000 
183.8464299	295.1500000 
182.5081137	294.2100000 
185.0005833	293.2700000 
185.0005833	292.3300000 
182.8189233	291.4000000 
181.9660753	290.4600000 
183.5682610	289.5200000 
184.1399685	288.5800000 
181.9759149	287.6400000 
187.4821504	286.7000000 
183.0549228	285.7600000 
183.8464299	284.8200000 
184.1246926	283.8800000 
183.8732495	282.9400000 
184.4249008	282.0000000 
183.6013390	281.0600000 
186.9091447	280.1200000 
183.5765357	279.1800000 
185.2599483	278.2400000 
184.4249008	277.3000000 
183.8732495	276.3600000 
184.4249008	275.4200000 
184.1246926	274.4800000 
186.9185226	273.5400000 
183.8464299	272.6000000 
185.6811091	271.6600000 
185.1269861	270.7200000 
183.8464299	269.7800000 
182.7581102	268.8400000 
183.5765357	267.9000000 
187.2169681	266.9700000 
184.9748447	266.0300000 
184.9748447	265.0900000 
184.4249008	264.1500000 
184.9748447	263.2100000 
186.9185226	262.2700000 
187.7499894	261.3300000 
186.0006832	260.3900000 
184.1246926	259.4500000 
183.3881028	258.5100000 
180.9595016	257.5700000 
182.5450944	256.6300000 
185.5737460	255.6900000 
184.4953508	254.7500000 
187.7520447	253.8100000 
183.8233487	252.8700000 
180.4017801	251.9300000 
186.1251028	250.9900000 
187.1787788	250.0500000 
187.1774420	249.1100000 
184.7072696	248.1700000 
185.9747471	247.2300000 
186.8263965	246.2900000 
184.4249008	245.3500000 
184.4249008	244.4100000 
184.4166751	243.4700000 
185.5539539	242.5400000 
186.1222759	241.6000000 
184.3714615	240.6600000 
184.4249008	239.7200000 
184.9748447	238.7800000 
183.8732495	237.8400000 
186.0755668	236.9000000 
186.0755668	235.9600000 
184.3714615	235.0200000 
184.9178351	234.0800000 
184.9748447	233.1400000 
183.5765357	232.2000000 
183.5765357	231.2600000 
186.9091447	230.3200000 
186.6386880	229.3800000 
184.0724041	228.4400000 
182.1932742	227.5000000 
184.1246926	226.5600000 
184.4249008	225.6200000 
187.4821504	224.6800000 
186.9091447	223.7400000 
185.4281358	222.8000000 
184.0724041	221.8600000 
183.0549228	220.9200000 
184.9748447	219.9800000 
184.9748447	219.0400000 
187.4821504	218.1100000 
186.0755668	217.1700000 
188.4913571	216.2300000 
187.3099322	215.2900000 
186.3497399	214.3500000 
189.8979408	213.4100000 
206.2768784	212.4700000 
205.9278310	211.5300000 
206.2716483	210.5900000 
205.9080821	209.6500000 
205.2558897	208.7100000 
205.2558897	207.7700000 
206.2768784	206.8300000 
205.0695347	205.8900000 
205.6023930	204.9500000 
203.1710666	204.0100000 
201.2806923	203.0700000 
205.2558897	202.1300000 
205.9278310	201.1900000 
206.2768784	200.2500000 
206.2768784	199.3100000 
203.6664344	198.3700000 
203.1710666	197.4300000 
203.1710666	196.4900000 
205.2558897	195.5500000 
203.6664344	194.6100000 
206.2768784	193.6800000 
205.9278310	192.7300000 
203.6664344	346.6700000 
203.1710666	248.8800000 
203.1710666	129.7600000 
203.6664344	130.3000000 
203.9978145	131.2500000 
206.2768784	170.2300000 
206.2768784	320.5000000 
206.8618168	163.0300000 
203.4985765	132.0100000 
203.1710666	131.4000000 
203.6664344	131.1500000 
203.9978145	183.8300000 
206.2768784	318.8800000 
205.9278310	153.1400000 
205.2558897	131.4900000 
203.1710666	131.7500000 
202.2799429	131.6000000 
204.8826026	206.1000000 
203.6664344	311.1000000 
210.2340555	132.0400000 
207.5349536	131.8000000 
205.6023930	131.7400000 
205.6023930	131.6300000 
203.8342793	240.8900000 
206.2518993	269.4700000 
207.8814570	131.7500000 
207.5349536	132.4400000 
207.5349536	131.9300000 
207.8814570	131.0500000 
207.8814570	267.9100000 
207.5349536	231.7600000 
207.5349536	115.6700000 
207.5349536	248.4000000 
207.5349536	731.0800000 
205.2558897	244.9200000 
205.2558897	128.6700000 
205.2558897	146.0700000 
205.2558897	284.3300000 
205.2558897	406.7900000 
207.5349536	447.8000000 
207.5349536	241.5300000 
205.2558897	197.1700000 
205.2558897	61.2200000 
205.2558897	653.9900000 
205.2558897	105.0500000 
205.2558897	56.4420000 
207.5349536	188.3100000 
205.2558897	174.0600000 
205.2558897	567.6700000 
203.1710666	79.5230000 
205.8140780	55.9300000 
206.1622367	56.0150000 
205.8140780	219.0600000 
208.0754746	1747.9000000 
205.8140780	3043.9000000 
205.8140780	3297.3000000 
205.8140780	1084.6000000 
205.8140780	475.2800000 
205.8140780	1157.0000000 
206.1622367	2382.2000000 
208.0754746	2243.2000000 
205.8140780	2232.5000000 
205.8140780	1761.6000000 
205.8140780	815.1500000 
205.8140780	164.2200000 
206.1622367	1194.2000000 
206.1622367	930.2100000 
208.0754746	127.5800000 
203.7409984	126.5300000 
205.8140780	140.4500000 
205.8140780	337.4600000 
205.8140780	70.0060000 
208.4413007	186.3100000 
208.0754746	56.2860000 
226.2779749	56.3690000 
220.5604929	196.7700000 
213.6494990	149.9500000 
213.6494990	56.2210000 
214.6786708	125.5700000 
214.6786708	130.5800000 
214.6786708	553.5200000 
213.6494990	222.0900000 
213.6494990	425.1100000 
213.6494990	127.1400000 
214.6786708	127.5800000 
214.6786708	230.9400000 
214.6786708	236.7400000 
213.6494990	130.5700000 
213.6494990	130.6100000 
213.6494990	131.1200000 
214.6786708	130.6700000 
214.6786708	294.1700000 
213.6494990	179.7700000 
214.6786708	130.3800000 
213.6494990	128.9700000 
213.6494990	129.2700000 
214.6786708	285.9200000 
214.6786708	196.4300000 
213.6494990	130.2800000 
214.6786708	130.9200000 
214.6786708	131.1000000 
214.6786708	227.0400000 
213.6494990	257.4300000 
214.6786708	131.6500000 
214.6786708	132.3100000 
214.6786708	132.1800000 
214.6786708	182.3000000 
214.6786708	301.7700000 
214.6786708	132.5600000 
209.9146592	132.4300000 
218.3181227	132.5900000 
213.6494990	132.4700000 
213.6494990	318.5300000 
214.6786708	160.9300000 
214.6786708	132.8200000 
214.6786708	132.4800000 
213.6494990	132.8600000 
213.6494990	304.1200000 
213.6494990	167.0300000 
210.9768827	132.8600000 
218.3181227	132.7400000 
214.6786708	133.2300000 
214.6786708	262.5200000 
214.6786708	140.8700000 
212.6102432	221.3600000 
216.3600135	1117.2000000 
214.6786708	880.5500000 
214.6786708	451.6800000 
214.6786708	55.1430000 
210.9768827	54.8550000 
214.5832829	58.0900000 
210.9768827	242.3700000 
214.5832829	86.9940000 
214.6786708	55.0010000 
209.9146592	127.3400000 
213.5439800	151.3100000 
210.9768827	55.9110000 
214.5832829	280.9100000 
209.9146592	119.0400000 
214.5832829	117.8900000 
213.6494990	276.4700000 
210.9768827	155.6400000 
214.5832829	100.2200000 
214.6786708	233.4100000 
214.6786708	411.8300000 
214.6786708	177.8400000 
214.6786708	181.6400000 
214.6786708	239.1200000 
214.6786708	186.6100000 
214.6786708	163.7800000 
214.6786708	54.7970000 
214.6786708	127.8300000 
214.6786708	225.6200000 
214.6786708	488.2900000 
214.6786708	54.4800000 
214.6786708	106.5400000 
214.6786708	214.0200000 
214.6786708	54.2890000 
214.6786708	54.2650000 
214.6786708	54.4390000 
214.6786708	54.3830000 
214.6786708	215.5900000 
214.6786708	121.7700000 
214.6786708	54.3990000 
214.6786708	54.1350000 
214.6786708	55.0980000 
214.6786708	1684.6000000 
214.6786708	1205.4000000 
214.6786708	155.7300000 
214.6786708	155.0300000 
203.5500016	966.0500000 
209.9514089	1999.1000000 
208.7443256	691.3200000 
206.7781206	1996.1000000 
207.0127119	836.6500000 
207.0127119	139.9200000 
207.0127119	139.7200000 
207.0127119	257.2700000 
207.0127119	270.5000000 
207.0127119	138.0700000 
207.0127119	138.3400000 
207.0127119	138.3700000 
207.0127119	138.5900000 
207.0127119	254.9200000 
207.0127119	263.8100000 
207.0127119	139.2000000 
207.0127119	139.3500000 
207.0127119	139.3800000 
207.0127119	141.0500000 
207.0127119	441.7000000 
207.0127119	375.9700000 
207.0127119	128.9300000 
207.0127119	128.4500000 
207.0127119	128.6300000 
207.0127119	129.1000000 
207.0127119	281.3900000 
207.0127119	214.3800000 
207.0127119	131.1500000 
207.0127119	129.4700000 
207.0127119	129.3200000 
207.0127119	130.1700000 
207.0127119	294.1100000 
207.0127119	200.6200000 
207.0127119	129.5000000 
207.0127119	129.7500000 
207.0127119	129.9500000 
207.0127119	162.1100000 
207.0127119	315.4000000 
207.0127119	137.4900000 
207.0127119	129.6900000 
207.0127119	130.4200000 
207.0127119	129.6000000 
207.0127119	129.3300000 
207.0127119	273.7200000 
207.0127119	219.2300000 
207.0127119	129.2300000 
207.0127119	145.9000000 
207.0127119	280.5500000 
207.0127119	129.4200000 
207.0127119	128.6900000 
207.0127119	128.7700000 
207.0127119	128.9000000 
207.0127119	128.7600000 
207.0127119	140.6400000 
207.0127119	713.9200000 
207.0127119	827.2100000 
207.0127119	98.6500000 
207.0127119	128.6400000 
207.0127119	154.9000000 
207.0127119	55.0890000 
207.0127119	55.0070000 
207.0127119	55.2580000 
207.0127119	55.2560000 
207.0127119	55.1380000 
207.0127119	200.6600000 
207.0127119	148.5600000 
207.0127119	55.3280000 
207.0127119	62.6410000 
207.0127119	222.6200000 
207.0127119	54.9780000 
207.0127119	55.0400000 
207.0127119	54.7770000 
207.0127119	54.9520000 
207.0127119	54.9400000 
207.0127119	113.4100000 
207.0127119	233.5800000 
207.0127119	61.0290000 
207.0127119	55.1800000 
207.0127119	100.1800000 
207.0127119	194.4000000 
207.0127119	55.1010000 
207.0127119	54.8680000 
207.0127119	54.6890000 
207.0127119	54.8760000 
207.0127119	55.2730000 
207.0127119	171.7800000 
207.0127119	185.1100000 
207.0127119	55.1950000 
207.0127119	55.1640000 
207.0127119	104.2100000 
207.0127119	207.0400000 
207.0127119	55.0220000 
207.0127119	54.9070000 
207.0127119	55.4510000 
207.0127119	58.2780000 
207.0127119	55.1570000 
-263.0302082	301.7000000 
183.6333092	299.8200000 
-260.8821224	297.9400000 
178.4074360	296.0600000 
-258.6112611	294.1800000 
188.4713662	292.3000000 
-260.8821224	290.4200000 
174.8416192	288.5400000 
-245.2123075	286.6600000 
200.5777371	284.7800000 
-239.7853983	282.9000000 
200.5777371	281.0200000 
-236.0014417	279.1400000 
207.8734209	277.2600000 
-245.3158829	275.3700000 
207.8734209	273.4900000 
-245.3158829	271.6100000 
214.7950905	269.7300000 
-240.1002967	267.8500000 
206.0175492	265.9700000 
-238.9857479	264.0900000 
208.6760592	262.2100000 
-238.9081333	260.3300000 
210.1280991	258.4500000 
-240.1002967	256.5700000 
200.4690533	254.6900000 
-237.6952918	252.8100000 
200.4690533	250.9300000 
-238.9081333	249.0500000 
200.4690533	247.1700000 
-237.6952918	245.2900000 
200.4690533	243.4100000 
-249.3269031	241.5300000 
187.8475176	239.6500000 
-249.3269031	237.7700000 
187.8475176	235.8900000 
-249.3269031	234.0100000 
174.1887533	232.1300000 
-262.7148567	230.2500000 
168.5395545	228.3700000 
-248.9419948	226.4900000 
168.5395545	224.6100000 
-262.7148567	222.7300000 
168.5395545	220.8500000 
-248.9419948	218.9700000 
168.5395545	217.0900000 
-262.7148567	215.2100000 
179.6216556	213.3300000 
175.6157028	211.4500000 
173.4901050	209.5700000 
176.4766400	207.6800000 
173.4901050	205.8000000 
176.4766400	203.9200000 
173.4901050	202.0400000 
174.5013600	200.1600000 
174.5696322	198.2800000 
174.5696322	196.4000000 
174.5696322	194.5200000 
174.5696322	242.2400000 
174.5696322	229.5200000 
174.5696322	130.4800000 
174.5696322	208.6300000 
175.8008850	183.9900000 
174.7339107	131.4600000 
175.8008850	215.1100000 
174.7339107	178.4000000 
175.8008850	131.6300000 
174.7339107	226.1600000 
175.4268931	164.3600000 
174.3667830	131.7300000 
175.8008850	242.8300000 
174.7339107	144.2600000 
175.4268931	131.7500000 
174.7339107	249.9000000 
175.8008850	117.7400000 
174.3667830	545.9600000 
175.8008850	137.5100000 
174.7339107	292.4500000 
175.8008850	381.9300000 
174.7339107	162.1900000 
175.8008850	380.1200000 
174.7339107	88.6760000 
175.4268931	341.1100000 
174.7339107	131.2600000 
175.8008850	104.3800000 
174.3667830	1812.1000000 
175.4268931	2602.9000000 
174.3667830	566.4900000 
175.4268931	2338.4000000 
174.3667830	2173.0000000 
175.4268931	704.0600000 
174.3667830	887.3500000 
175.4268931	321.1600000 
174.3667830	220.2500000 
175.4268931	94.5630000 
174.3667830	121.3200000 
275.4904855	173.2300000 
261.0082847	77.7860000 
262.7395872	291.4100000 
262.0301293	225.7000000 
260.8286105	276.4800000 
263.8541158	233.2700000 
260.7809831	130.2800000 
263.8541158	130.9800000 
258.9826038	237.1600000 
261.8352502	129.6900000 
257.6186036	175.2700000 
266.3660307	195.4200000 
259.8971505	131.0200000 
264.2103549	239.2900000 
259.8971505	134.5800000 
264.4360003	132.2500000 
261.6202805	242.0500000 
262.9497001	132.4400000 
262.2284541	194.5100000 
261.4298455	177.8300000 
262.9497001	132.7400000 
263.1508796	235.4200000 
262.6738542	132.8800000 
263.1508796	166.5000000 
261.8663089	181.2100000 
262.1466992	991.6900000 
262.1130125	303.5700000 
262.1130125	55.3860000 
262.3512193	165.6600000 
262.3512193	60.6780000 
262.3512193	134.0000000 
262.3512193	189.3200000 
262.3512193	170.5700000 
262.3512193	163.0500000 
262.3512193	258.5100000 
262.3512193	215.1000000 
262.3512193	238.1300000 
262.3512193	114.8900000 
262.3512193	153.2400000 
262.3512193	294.9300000 
262.3512193	142.6300000 
262.3512193	71.9330000 
262.3512193	54.4030000 
262.3512193	168.5400000 
262.3512193	54.3370000 
262.3512193	512.9500000 
262.3512193	1021.7000000 
262.3512193	161.9500000 
240.9405947	1751.6000000 
236.1495264	1410.7000000 
246.9064056	140.2300000 
232.4662158	260.9000000 
251.5935874	141.3800000 
232.4662158	138.3700000 
251.5935874	259.2700000 
235.3415710	139.1900000 
247.0870789	139.9800000 
232.4662158	409.6300000 
251.5935874	128.7600000 
235.3415710	128.7400000 
249.7585548	247.8200000 
232.4662158	130.2500000 
251.5935874	129.6600000 
232.4662158	247.2600000 
251.5935874	129.6600000 
232.4662158	129.8500000 
251.5935874	242.4600000 
232.4662158	130.0600000 
254.1823834	129.5000000 
232.4662158	246.3200000 
254.1823834	129.1500000 
232.4662158	213.2900000 
251.5935874	128.7100000 
235.3415710	128.9700000 
247.0870789	302.2000000 
232.4662158	598.6700000 
251.5935874	141.6400000 
232.4662158	55.0630000 
251.5935874	55.2350000 
235.3415710	103.4200000 
249.7585548	126.4100000 
232.4662158	125.1500000 
254.1823834	72.5030000 
235.3415710	54.8650000 
249.7585548	58.7460000 
235.3415710	172.6300000 
249.7585548	55.1240000 
235.3415710	147.1700000 
249.7585548	54.8710000 
235.3415710	54.9900000 
249.7585548	178.3500000 
235.3415710	55.2100000 
249.7585548	146.3100000 
235.3415710	64.3050000 
249.7585548	56.4600000 
235.3415710	106.3700000 
195.0428085	300.5100000 
177.4025954	296.7500000 
175.7886826	292.9800000 
178.7322637	289.2200000 
177.1023654	285.4600000 
174.9447040	281.7000000 
175.2612413	277.9400000 
175.2712483	274.1800000 
175.2712483	270.4100000 
175.2712483	266.6500000 
175.2712483	262.8900000 
175.2712483	259.1300000 
175.1768838	255.3700000 
173.5779114	251.6100000 
173.5672528	247.8400000 
175.1669152	244.0800000 
175.1768838	240.3200000 
176.1430851	236.5600000 
175.8456518	232.8000000 
176.0429825	229.0400000 
175.9450642	225.2800000 
176.0429825	221.5100000 
175.9450642	217.7500000 
176.0429825	213.9900000 
198.0164174	210.2300000 
196.5924399	206.4700000 
194.4822132	202.7100000 
195.7661271	198.9400000 
195.7884202	195.1800000 
196.2766390	231.0700000 
195.0217568	183.6000000 
195.9337821	143.7800000 
196.9142251	196.7300000 
195.1663476	192.7600000 
196.9142251	134.1700000 
195.1663476	193.5700000 
195.9337821	190.6600000 
195.5430158	334.7200000 
195.5430158	221.0700000 
195.5430158	257.1700000 
195.5430158	248.5100000 
195.5430158	222.0500000 
195.5430158	1210.9000000 
194.9048615	1546.5000000 
194.9048615	2134.6000000 
194.9048615	785.8800000 
194.9048615	201.9600000 
194.9048615	94.0660000 
262.4479625	131.4100000 
255.1289970	332.8000000 
252.4944736	180.5300000 
251.1286217	130.7300000 
251.2772502	183.2900000 
255.4226357	185.4200000 
253.7693816	186.5700000 
259.2826124	144.0100000 
253.2028442	175.4300000 
253.6965235	186.1400000 
259.3655536	184.0700000 
254.2755115	165.3900000 
254.6307079	589.2900000 
261.2409922	154.8700000 
255.4183633	128.3800000 
264.7613641	151.5000000 
259.1393525	162.2200000 
260.7457783	252.0200000 
261.4916495	160.0200000 
259.8455463	224.0000000 
262.0334074	107.2300000 
256.5971115	111.5100000 
256.1816304	490.5200000 
256.1816304	593.2700000 
222.0858157	1380.3000000 
233.0065302	201.7700000 
230.7375576	138.3500000 
230.7340909	199.2800000 
230.7340909	273.8900000 
230.7340909	128.7800000 
230.7340909	189.0500000 
230.7340909	188.5100000 
230.7340909	141.2800000 
230.7340909	174.7400000 
229.9119665	187.9000000 
233.4733977	171.2200000 
233.4778951	128.7600000 
230.7375576	443.3900000 
230.7340909	98.3600000 
229.9119665	95.7850000 
230.7329353	118.0100000 
230.7340909	54.9330000 
230.7340909	115.6400000 
230.7340909	101.1600000 
229.9119665	54.9370000 
229.9108156	116.7500000 
230.7329353	105.2400000 
229.9119665	98.2970000 
