1	5000	1000	0.518	0.179	1000	
1	10000	6000	0.609	2.345	1000	
1	50000	46000	1.810	11.557	1000	
1	100000	96000	4.251	29.613	1000	
1	200000	196000	10.701	73.245	1000	
1	500000	496000	28.741	194.050	1000	
1	1000000	996000	36.254	249.099	1000	
2	5000	500	0.463	0.196	1000	
2	10000	3000	0.549	2.255	1000	
2	50000	23000	1.849	11.290	1000	
2	100000	48000	5.348	34.197	1000	
2	200000	98000	10.578	69.504	1000	
2	500000	248000	29.272	194.409	1000	
2	1000000	498000	35.742	278.241	1000	
5	5000	200	0.442	0.170	1000	
5	10000	1200	0.611	1.866	1000	
5	50000	9200	2.119	12.666	1000	
5	100000	19200	3.783	23.589	1000	
5	200000	39200	