1	9999	5999	0.856	2.092	1000	
1	5000	1000	0.664	0.161	1000	
1	10000	6000	0.867	2.094	1000	
1	50000	46000	2.259	9.946	1000	
1	100000	96000	4.696	23.936	1000	
1	200000	196000	11.119	61.675	1000	
1	500000	496000	28.333	185.234	1000	
1	1000000	996000	36.326	226.391	1000	
2	5000	500	0.725	0.186	1000	
2	10000	3000	0.836	2.067	1000	
2	50000	23000	2.276	10.526	1000	
2	100000	48000	5.859	30.995	1000	
2	200000	98000	11.260	67.683	1000	
2	500000	248000	28.106	173.200	1000	
2	1000000	498000	36.377	228.248	1000	
5	5000	200	0.757	0.160	1000	
5	10000	1200	0.911	1.630	1000	
5	50000	9200	2.588	10.968	1000	
5	100000	19200	4.406	20.480	1000	
5	200000	39200	11.690	62.243	1000	
5	500000	99200	29.358	169.967	1000	
5	1000000	199200	37.839	226.461	1000	
10	5000	100	0.993	0.181	1000	
10	10000	600	1.486	1.921	1000	
10	50000	4600	2.706	9.192	1000	
10	100000	9600	8.134	34.792	1000	
10	200000	19600	11.940	55.538	1000	
10	500000	49600	31.530	158.403	1000	
10	1000000	99600	41.973	212.291	1000	
60	5000	16	3.293	0.202	1000	
60	10000	100	5.824	1.649	1000	
60	50000	766	10.119	14.772	1000	
60	100000	1600	13.581	32.307	1000	
60	200000	3266	17.972	37.157	1000	
60	500000	8266	42.392	111.263	1000	
60	1000000	16600	94.670	250.133	1000	
360	5000	2	11.945	0.165	1000	
360	10000	16	29.207	1.714	1000	
360	50000	127	25.348	8.490	1000	
360	100000	266	28.272	19.043	1000	
360	200000	544	27.858	29.898	1000	
360	500000	1377	91.717	207.499	1000	
360	1000000	2766	160.365	359.253	1000	
720	5000	1	23.151	0.222	1000	
720	10000	8	48.842	1.792	1000	
720	50000	63	75.401	13.047	1000	
720	100000	133	41.850	15.063	1000	
720	200000	272	76.071	54.171	1000	
720	500000	688	114.143	139.252	1000	
720	1000000	1383	131.678	278.712	1000	
1800	5000	0	44.794	0.217	1000	
1800	10000	3	140.261	2.444	1000	
1800	50000	25	102.173	7.820	1000	
1800	100000	53	131.146	18.743	1000	
1800	200000	108	248.848	70.632	1000	
1800	500000	275	223.454	140.444	1000	
1800	1000000	553	304.163	322.853	1000	
3600	5000	0	87.725	0.414	1000	
3600	10000	1	77.558	0.718	1000	
3600	50000	12	143.187	6.581	1000	
3600	100000	26	416.401	31.938	1000	
3600	200000	54	276.972	39.912	1000	
3600	500000	137	512.539	168.044	1000	
3600	1000000	276	398.125	252.990	1000	
7200	5000	0	170.528	0.820	1000	
7200	10000	0	505.017	2.361	1000	
7200	50000	6	264.609	7.487	1000	
7200	100000	13	296.471	14.483	1000	
7200	200000	27	500.323	39.568	1000	
7200	500000	68	885.916	153.731	1000	
7200	1000000	138	781.460	265.964	1000	
1	5000	1000	0.682	0.154	1000	
1	10000	6000	0.882	2.051	1000	
1	50000	46000	2.352	10.172	1000	
1	100000	96000	4.744	24.396	1000	
1	200000	196000	11.188	64.119	1000	
1	500000	496000	28.219	169.636	1000	
1	1000000	996000	36.863	223.936	1000	
2	5000	500	0.748	0.176	1000	
2	10000	3000	0.873	2.065	1000	
2	50000	23000	2.482	10.839	1000	
2	100000	48000	5.913	32.453	1000	
2	200000	98000	11.300	63.809	1000	
2	500000	248000	28.212	172.604	1000	
2	1000000	498000	36.452	226.378	1000	
5	5000	200	0.763	0.154	1000	
5	10000	1200	0.947	1.665	1000	
5	50000	9200	2.613	10.951	1000	
5	100000	19200	4.376	20.397	1000	
5	200000	39200	11.767	61.473	1000	
5	500000	99200	29.332	167.586	1000	
5	1000000	199200	39.743	224.261	1000	
10	5000	100	1.044	0.183	1000	
10	10000	600	1.513	1.929	1000	
10	50000	4600	2.787	9.618	1000	
10	100000	9600	8.202	34.505	1000	
10	200000	19600	11.781	52.100	1000	
10	500000	49600	31.540	153.555	1000	
10	1000000	99600	1	9999	5999	1	9999	5999	1	9999	5999	1	9999	5999	0.892	2.298	1000	
1	9999	5999	0.914	2.312	1000	
1	9999	5999	1	9999	5999	0.457	1.982	1000	
1	9999	5999	0.458	1.977	1000	
1	99999	95999	4.095	24.754	1000	
1	99999	95999	1	99999	95999	1	999999	995999	