672
125.11
741.79
684.17
275.89
289.34
153.3
183.52
201.72
142.1
190.86
278.45
130.03
132.47
242.27
131.3
224.86
131
202.06
161.35
189.07
161.4
131.07
225.44
130.77
216.15
159.98
715.07
487.09
208.31
212.89
127.16
337.17
127.97
207.36
102.69
62.552
144.48
57.208
165.57
129.84
220.27
128.32
209.79
127.83
212.8
127.53
153.52
385.21
191.6
287.48
198.59
197.77
200.37
315.3
330.36
163.63
186.05
130.36
214.84
129.77
219.44
131.52
217.81
130.66
172.9
369.14
295.08
188.97
130.99
239.38
130.51
213.78
353.47
333.28
345.2
286.96
167.57
658.17
81.66
72.245
133.66
57.401
139.61
57.529
142.98
56.933
117.45
81.035
57.294
143.16
57.087
139.27
57.141
112.51
568.72
268.49
139.65
172.91
421.61
198.99
289.75
138.64
219.2
128.78
176.75
172.94
129.43
221.66
130.31
213.3
142.08
172.16
176.41
130.48
278.02
283.02
254.1
225.17
196.24
167.31
162.01
481.73
411.04
393.14
235.61
145.19
59.774
115.06
85.455
57.073
146.22
57.079
145.71
57.631
114.58
124.06
57.648
146.92
57.425
299.91
94.621
144.17
57.014
59.567
81.694
108.58
135.47
140.8
409.75
185.37
151.14
228.87
128.44
323.5
289.88
199.94
129.93
232.33
145.91
195.18
130.37
213.81
130.4
215.7
130.13
207.49
129.76
130.17
214.79
113.69
420.89
152.11
297.85
153.5
238.09
182.41
336.38
79.194
56.901
147.67
57.506
137.51
57.794
57.807
150.27
57.868
138.07
197.85
119.72
88.045
82.616
117.8
58.046
148.87
58.656
89.576
128.41
184.88
206.87
137.87
222.84
130.85
131.1
231.66
132.22
218.45
132.24
182.03
179.5
136.61
216.6
133
221.75
137.26
181.84
168.85
131.26
150.8
57.529
137.11
57.438
765.87
266.93
127.11
215.47
179.12
454.78
126.55
273.76
248.42
178.31
151.37
127.42
243.79
107.27
127.21
56.709
1042.6
2593.9
717.76
201.84
56.55
57.212
142.47
125.71
56.955
57.682
200.18
57.483
57.546
399.07
1394
131.85
168
244.04
132.94
132.14
268.77
134.7
133.71
184.17
219.31
132.42
132.35
268.17
130.99
131.01
176.84
474.62
724.88
2722.8
1465.1
56.133
56.319
177.01
209.4
159.51
1531
1780.2
806.7
1489
625.97
124.05
104.24
57.634
239.3
79.472
273.41
178.7
296.83
140.04
174.13
230.03
321
149.64
127.8
233.69
192.88
128.75
168.76
243.04
131.71
131.36
278.49
130.57
130.89
268.87
134.07
131.18
292.48
298.98
320.88
223.5
392.56
605.33
519.08
558.76
125.12
57.063
56.879
184.27
69.958
58.553
142.96
106.47
81.992
132.46
114.52
63.991
155.39
56.714
185.09
71.996
74.466
233.24
129.3
128.93
144.12
476.11
131.81
317.46
287.79
130.48
75.247
162.81
114.13
200.39
188.31
130
149.22
238.4
129.57
144.56
234.53
130.25
130.25
250.26
130.94
130.47
244.66
129.65
202.74
384.16
740.85
618.7
342.45
56.815
160.64
177.25
398.83
56.868
173.34
57.017
56.842
56.581
212.42
64.604
155.65
76.977
58.169
57.713
184.38
87.224
80.348
278.22
221.73
232.88
297.28
191.23
235.64
141.7
182.23
363.35
149.31
130.47
157.03
248.57
132.07
132.23
246.56
158.48
135.24
160.62
240.86
132.3
131.7
252.87
145.62
130.76
478.56
289.98
626.35
265.67
386.63
57.624
57.376
171.18
85.735
56.976
99.57
152.72
56.908
56.895
194.01
61.975
56.993
126.96
130.99
57.346
57.38
205.4
57.127
149.73
218.42
144.65
130.21
205.75
197.33
144.67
370.3
257.55
128.96
129.97
277.4
130.79
130.68
236.45
171.58
131.9
197.49
210.84
131.47
154.38
250.54
130.64
130.56
313.34
344.95
343.06
341.18
339.3
337.42
335.54
333.66
331.78
329.9
328.02
326.14
324.26
322.38
320.5
318.62
316.74
314.86
312.98
311.1
309.22
307.34
305.46
303.58
301.7
299.82
297.94
296.06
294.18
292.3
290.42
288.54
286.66
284.78
282.9
281.02
279.14
277.26
275.37
273.49
271.61
269.73
267.85
265.97
264.09
262.21
260.33
258.45
256.57
254.69
252.81
250.93
249.05
247.17
245.29
243.41
241.53
239.65
237.77
235.89
234.01
232.13
230.25
228.37
226.49
224.61
222.73
220.85
218.97
217.09
215.21
213.33
211.45
209.57
207.68
205.8
203.92
202.04
200.16
198.28
196.4
194.52
242.24
229.52
130.48
208.63
183.99
131.46
215.11
178.4
131.63
226.16
164.36
131.73
242.83
144.26
131.75
249.9
117.74
545.96
137.51
292.45
381.93
162.19
380.12
88.676
341.11
131.26
104.38
1812.1
2602.9
566.49
2338.4
2173
704.06
887.35
321.16
220.25
94.563
121.32
173.23
77.786
291.41
225.7
276.48
233.27
130.28
130.98
237.16
129.69
175.27
195.42
131.02
239.29
134.58
132.25
242.05
132.44
194.51
177.83
132.74
235.42
132.88
166.5
181.21
991.69
303.57
55.386
165.66
60.678
134
189.32
170.57
163.05
258.51
215.1
238.13
114.89
153.24
294.93
142.63
71.933
54.403
168.54
54.337
512.95
1021.7
161.95
1751.6
1410.7
140.23
260.9
141.38
138.37
259.27
139.19
139.98
409.63
128.76
128.74
247.82
130.25
129.66
247.26
129.66
129.85
242.46
130.06
129.5
246.32
129.15
213.29
128.71
128.97
302.2
598.67
141.64
55.063
55.235
103.42
126.41
125.15
72.503
54.865
58.746
172.63
55.124
147.17
54.871
54.99
178.35
55.21
146.31
64.305
56.46
106.37
