2040
93.9
104.7
94.8
80.1
67.2
63.3
60.9
63.9
104.7
137.4
95.1
108.9
92.7
113.7
114.3
122.7
93
97.8
93.3
102
103.5
114
101.7
88.8
97.5
76.8
97.2
84.6
74.7
65.4
70.2
75.6
78.6
84.3
115.8
100.8
99
106.2
102.3
97.8
108.9
87.3
87.9
79.5
105
104.1
117
103.2
92.4
86.7
89.7
93.3
82.5
76.8
78
83.4
112.8
100.8
105
120.9
114
114.6
127.2
157.2
129.9
124.2
107.4
108.6
118.2
138.3
136.5
147.9
134.1
113.7
126.3
109.2
102.6
108
99.6
108.6
98.4
103.5
93
106.2
81
78.9
90.9
93.9
106.8
99.9
76.8
85.5
87.9
93
96
100.8
89.7
93.9
92.7
80.7
69.3
65.4
61.2
69.6
84.6
102.3
99.9
87.6
78.9
94.5
93
75.6
98.7
80.4
76.2
92.4
110.7
113.1
109.5
95.7
91.8
73.5
72.9
69.6
58.8
52.5
56.7
70.8
80.7
81.9
96
83.7
87
66.3
86.4
92.1
74.1
75
67.8
81
95.4
91.8
108
93.3
84.3
85.8
83.4
69.3
65.7
58.2
57.9
52.5
86.4
93.3
83.1
81
104.1
68.7
70.5
75.6
87.3
90.3
99
90.6
89.7
84.3
88.8
107.4
100.2
97.8
91.5
89.7
86.7
73.8
68.1
63.6
91.2
95.7
103.8
101.1
64.2
79.2
74.1
87.9
76.2
77.7
68.1
101.4
101.4
100.8
86.1
79.5
74.4
73.5
69.9
67.8
67.5
57.3
70.8
75.9
88.2
85.5
90.6
87
79.8
82.2
78
99.6
109.8
85.2
85.2
71.1
104.4
89.4
94.5
80.7
78
72
74.4
79.2
69.9
55.5
55.5
57.6
76.8
75.9
75.9
76.8
101.7
87.6
93.3
82.8
88.5
100.5
86.1
76.5
93.9
129
100.5
100.2
90
88.2
77.1
73.8
69.6
64.5
60.3
72.3
88.5
103.2
100.2
93.9
86.7
96.6
117.3
88.5
109.5
101.1
80.1
108.6
111.6
115.5
111.6
108
118.8
87.6
91.5
80.7
87
68.7
81
79.8
104.4
99.3
115.8
126
107.1
94.8
103.5
109.2
98.4
108.3
119.1
96
122.7
125.1
122.7
134.1
117.6
112.8
102.9
83.1
81
68.7
82.8
80.4
97.2
99
113.4
117.9
143.4
109.8
114.3
119.1
126.6
114.6
92.7
105.6
114.6
121.8
123
112.5
117
108
115.8
103.2
96.6
92.1
81
86.7
96.9
81.3
96.3
93.6
106.5
109.5
83.1
97.8
91.8
102.9
92.1
104.4
120.3
121.5
127.5
127.2
104.1
118.5
106.2
104.4
86.4
73.8
69.9
72.6
76.5
105
98.4
110.4
88.2
85.5
76.5
74.4
81.6
67.8
81.3
84.3
87
94.8
93.3
76.8
72.6
65.7
63.3
63.9
60.9
57.6
69
79.8
80.1
108.6
105.6
77.4
80.7
76.8
76.2
90.6
94.8
94.2
108.9
96.9
90.3
93
81.9
91.5
72.9
84
63.9
61.8
62.7
64.8
69
71.1
82.8
85.8
110.4
114
71.7
70.2
78
68.4
89.1
72.6
77.4
68.4
104.1
119.4
94.5
103.2
85.2
76.8
71.1
66
66.3
55.5
60
63.6
92.4
82.8
101.1
75.3
81.3
81.6
79.5
72.9
84.9
86.1
82.8
72
118.5
108
100.5
92.1
86.7
82.2
80.1
71.7
65.7
62.7
59.1
58.5
107.1
93.6
112.2
76.2
94.2
73.2
82.8
79.2
103.2
97.5
83.7
81.6
117.6
109.8
94.5
84
72.6
75.9
66.3
88.2
77.4
63.9
69.6
66.3
92.4
73.5
82.2
95.4
93.9
88.8
86.4
83.4
91.8
73.8
74.4
84.3
81
102.9
100.8
88.2
96.9
81
81.9
82.5
75
63.6
60.3
61.8
93.9
64.8
68.7
87.9
87
78
85.8
72.9
75.3
101.4
68.1
73.8
89.7
85.5
97.2
102.9
93.3
92.4
84.3
84.6
85.2
72.3
65.7
63.9
79.2
105
85.5
87.6
75.9
84.9
86.7
94.2
88.8
107.4
89.4
76.2
103.2
106.5
95.7
98.7
90.9
87.6
83.4
71.4
74.7
68.7
66.3
77.1
81.9
92.1
83.4
96.6
85.5
98.1
90
119.1
116.4
102.3
93.9
104.7
96.6
100.8
105.3
94.5
77.1
83.4
79.5
71.7
82.5
65.7
60.3
72
81.3
89.7
91.2
111.9
112.8
113.7
117.3
123.6
117
114.3
97.2
93.9
109.2
118.2
113.1
118.8
102
90
99.3
94.2
82.2
94.2
75
69.9
99.9
94.5
95.1
86.7
108.6
86.4
111
91.5
99.9
98.4
92.7
90
103.2
121.2
108.6
114.3
108.9
108.3
91.8
103.2
92.4
87
85.8
74.7
102.6
94.8
107.7
84
95.4
116.4
120.9
114
123
100.8
94.2
98.1
105.6
100.5
102.6
114.6
85.2
86.4
79.2
76.8
93
68.7
59.1
67.5
93.6
91.8
114
113.1
104.7
92.7
117.6
101.7
120.3
102.9
90.9
94.8
107.1
103.5
98.4
97.5
90.3
101.4
81
84.9
96
75.6
74.1
66
90.9
71.1
72
91.2
86.7
80.1
103.5
91.2
96.6
92.7
80.1
116.1
98.7
103.5
111.3
113.7
100.5
93.3
84.3
97.8
80.1
75.9
76.2
74.7
105.3
115.8
102.6
100.8
79.8
115.8
119.7
90.6
116.1
77.1
95.4
94.8
101.1
104.7
107.1
98.1
88
85
79
73
75
66
68
72
86
96
90
96
91
96
91
103
112
103
92
95
101
92
102
94
79.5
79.5
85.2
80.1
88.8
94.5
63.9
82.5
83.1
95.4
106.5
94.8
106.2
71.1
66.3
69
77.7
89.1
73.2
85.8
83.7
94.5
109.2
92.7
91.5
77.7
72.3
76.5
76.8
73.2
62.4
72.3
82.5
78.9
99
114
125.1
97.8
106.8
99.6
120.9
97.8
93
79.2
100.2
105.6
122.7
116.1
90.9
91.2
85.5
79.2
83.1
64.8
66
70.5
89.7
100.2
165.9
154.2
151.8
139.2
158.7
133.2
115.5
108.9
102.6
118.8
130.2
122.4
115.5
117
104.7
97.8
89.7
97.8
87.6
78.9
82.8
76.8
87.9
93.9
113.7
127.5
126.3
129.9
116.4
114
110.4
111.3
94.8
103.8
127.5
132
126
111.3
99.3
100.2
86.7
85.8
104.1
87
75.6
72.3
91.8
106.2
107.1
108.6
102
110.4
104.7
87
96.9
95.4
79.2
93.9
107.1
120.6
96
107.1
105.9
93.9
90.6
85.2
83.7
76.8
68.4
69
83.7
101.4
93
94.2
85.2
93.6
117.3
120.9
86.1
99.6
78.9
86.1
103.5
116.7
111
116.1
85.2
83.4
75.6
75
75.3
64.5
71.1
67.8
91.8
99.9
96.6
95.7
97.5
95.7
92.1
87.9
108
105
91.5
86.1
107.1
83.4
100.2
94.5
96.9
88.2
74.1
72.3
69
73.5
56.4
75.6
97.5
76.5
108
101.7
84
90
96.9
78.6
90.6
94.2
80.7
93
98.1
104.7
102
93.9
84.6
87.3
87.3
63.6
68.7
71.1
59.4
60
84.9
91.8
109.2
96.3
83.1
84.9
87
80.4
87.9
78.6
82.8
85.8
95.4
99.3
88.8
92.1
111.6
87.3
81.6
77.4
81.3
69.6
65.7
70.5
97.2
93
100.8
88.8
85.2
77.1
89.7
98.7
87.6
102.6
90.3
103.8
165
159.6
137.1
100.5
106
77.4
84.9
75
78.6
65.4
75.3
71.4
81
92.4
89.1
105.9
101.7
98.1
97.2
85.2
92.1
89.7
96
85.8
116.7
112.8
107.1
111.9
103.8
84
78.6
79.8
72.9
74.1
62.7
70.8
95.4
96.6
123
114.9
122.4
120.6
108.9
105.3
100.8
116.1
104.4
86.4
101.1
106.8
119.4
111
113.4
106.8
75.9
80.1
80.4
84.3
69
65.7
99.9
117.3
99.9
104.4
92.7
105
87
77.4
78.6
95.7
75.6
83.4
95.4
97.2
100.8
88.5
91.5
87.9
90
74.1
77.1
73.8
63.6
75.9
74.1
109.5
102.6
148.5
85.2
87
92.4
72.9
77.4
82.8
74.1
81.3
100.2
106.2
98.7
90.3
95.1
82.5
109.5
72.6
98.1
68.7
68.1
69.6
92.1
93
97.2
103.8
109.2
103.2
106.2
119.1
125.4
105.9
103.8
89.7
103.8
103.5
99.6
110.4
90.9
81.6
89.7
81.9
78.6
71.7
69.6
64.2
94.8
130.8
134.4
129.9
138.9
126.6
114.9
121.8
114.9
104.7
96.3
117.6
110.1
133.5
122.7
104.7
103.2
99.6
111.9
87.6
87.9
69.3
75.6
99.3
123
111
156.3
144.9
136.5
159.9
135.6
124.8
153.6
111
94.2
115.2
165.3
168.9
162
129
108.6
109.8
95.1
97.5
88.8
88.8
92.4
88.2
115.5
153
173.7
151.8
169.5
139.8
131.4
144.9
145.2
141.9
104.7
101.1
132.9
117.9
122.4
114.6
117
126.9
105.9
106.5
100.2
88.2
97.5
103.5
109.2
142.8
156.3
143.7
140.4
108.6
104.7
132
127.8
105.3
105.9
112.2
107.1
113.1
96.6
99
93
108.3
120.3
100.5
98.1
82.5
83.4
94.8
108.6
132.9
122.7
117
108
128.1
131.7
104.4
135.6
109.2
81.9
86.7
95.7
100.5
98.4
94.5
116.7
112.2
120
102.3
101.1
78.9
78
75
99.3
143.7
127.2
151.8
157.5
125.7
120.3
145.8
135.6
126.6
107.7
91.8
105.9
106.2
119.4
132.3
93.9
91.2
96.6
88.8
102
96
96.3
95.1
109.2
134.1
122.7
146.1
146.1
157.8
150.6
153.3
157.8
145.2
98.7
122.1
121.5
121.5
131.1
122.1
95.7
101.1
98.7
93.3
87.9
99
100.2
87.9
123.3
120.9
153.6
144.3
153.9
133.8
120
126.9
125.4
125.1
123
102
111.3
125.7
106.8
111
108
99.6
93.3
91.8
86.4
78.3
85.8
92.4
113.1
122.7
126
129.6
122.7
129.9
122.4
129.6
130.8
138.6
125.7
94.8
146.4
147.3
118.2
101.1
95.7
95.4
93.9
91.2
91.2
81.3
96.3
95.1
106.5
141.3
129.3
165
155.1
144.6
147.9
166.5
145.8
153
122.1
101.7
114.6
139.2
152.4
141.3
123.9
128.1
127.2
120.6
106.5
93.6
96.9
95.7
123.9
156
182.1
206.1
188.1
168.6
172.8
182.1
150.9
162.9
120.9
107.4
133.2
123.9
127.2
127.8
129.6
125.7
116.4
107.4
98.7
95.4
92.7
86.4
128.7
140.7
166.2
184.2
182.7
173.1
187.8
174.6
176.1
183.6
125.4
130.5
134.4
153.9
156.9
165.3
155.7
157.2
154.2
142.5
129.6
124.5
120
116.4
150.9
198.9
190.8
194.4
199.5
203.4
177.3
182.1
155.1
165.6
135.9
132.3
153
143.1
147.3
142.2
150.9
131.1
128.4
111.9
111.9
104.4
100.8
109.2
128.7
167.4
180.6
178.5
186
187.2
194.1
198.9
210
191.1
143.4
153.9
163.5
215.1
169.8
145.5
125.4
116.7
105.9
96.3
96.3
84.6
85.8
86.4
130.8
120.9
127.8
138.9
142.5
145.2
151.2
168
161.7
154.5
113.1
123.9
122.7
139.5
153.3
145.8
139.8
148.2
134.1
128.1
121.2
104.7
105.3
100.8
147
161.1
170.4
172.8
175.8
151.5
165
156
156.6
144
119.7
131.4
123
131.1
148.2
147
156
144.9
143.1
142.2
128.4
135.3
132.9
107.1
127.8
172.8
194.4
200.7
170.7
166.2
200.7
190.8
171.6
170.7
113.7
133.8
133.2
138
132.6
118.2
133.2
118.8
123.3
119.7
112.2
104.1
110.1
93
119.1
144.9
172.5
181.5
178.2
158.7
168.3
165.3
176.1
161.1
118.5
120.9
125.1
142.5
131.7
129.3
121.5
108.6
99
102.3
95.4
81.6
83.1
86.7
111
146.1
196.2
162
177
144
143.7
158.4
154.2
162.9
122.4
93.9
111.3
114.6
139.8
131.4
133.2
120
119.7
113.4
111.9
93.3
90.9
93.3
105.3
156
163.8
183.6
177.3
170.7
159
166.2
165.9
155.4
113.4
112.8
122.1
124.2
124.2
124.2
132
120
128.4
126
125.7
105.9
86.4
92.1
122.7
149.4
173.4
147.6
144
168
151.8
167.7
170.4
166.2
133.5
128.1
153
147.9
131.1
134.1
121.5
107.1
116.1
108.6
98.4
95.1
77.1
80.4
102.6
113.4
161.4
155.1
141.9
152.7
144.3
134.7
159.3
130.8
102.9
117
127.5
152.1
128.7
135.6
134.7
117.6
126.6
117.3
106.8
101.7
95.4
111.9
160.5
165.9
179.7
172.2
143.7
171
160.2
166.8
157.5
141.3
98.7
105.9
130.5
128.4
123
133.5
124.2
131.7
117.6
113.4
104.7
99.3
91.8
93.3
102
146.7
165.3
178.2
183.9
167.4
170.4
136.8
158.7
139.5
115.8
140.4
118.2
145.5
153.6
130.5
127.2
111.3
107.1
102.6
111.3
93
87.9
87.9
123.6
160.8
168.3
177
189.3
163.5
180.6
184.8
183.3
158.7
122.7
109.2
121.2
138
152.4
138.3
117.6
111.6
138.9
138.6
144.6
122.7
124.5
125.7
147.3
164.1
172.5
167.7
151.5
164.4
160.8
171.9
167.1
168.9
121.2
100.5
115.2
132
135.9
133.5
130.2
134.7
112.2
128.4
126.3
113.4
106.8
106.8
154.5
170.1
187.2
157.2
170.1
175.5
173.1
207.6
213.3
190.2
130.2
120.6
125.4
141.9
120.9
120.9
121.5
130.8
126.3
147.3
146.4
138.9
124.8
156.9
147.6
188.7
182.1
184.5
169.2
162.6
183.6
169.8
192.3
225.6
189
131.1
147
165
124.8
143.1
129.9
172.8
141
126.9
114
109.5
91.2
114.6
123.3
143.4
162
156.6
147.6
157.2
162.3
146.1
165.3
131.4
111.3
116.7
143.4
167.4
166.2
211.8
195.6
212.4
188.7
183
165.9
145.8
137.7
106.2
150.3
162
156.6
184.5
136.5
153.6
142.8
152.1
118.8
135
135.9
103.8
119.1
134.7
143.4
122.7
126
135.3
133.8
132.6
132.9
100.8
99.3
125.1
160.8
177
207.6
187.2
177
178.2
194.4
186.6
199.2
198.9
150
131.4
117.9
130.2
129.9
124.8
138.9
142.2
141.9
143.4
139.2
117.9
115.8
121.5
179.1
194.7
213.9
238.8
215.4
193.5
210.3
230.4
247.2
207.3
152.7
145.8
155.4
161.7
135
140.7
148.2
158.7
152.1
153
155.7
142.2
137.4
148.8
174.6
213.9
255.6
222.3
220.5
225
244.8
221.1
225.3
250.5
182.4
158.7
179.4
190.8
204.3
168
155.4
167.4
163.8
190.5
163.8
142.2
141.6
155.4
176.4
216
219.3
226.8
242.1
230.7
245.1
243.3
273
239.1
203.4
155.1
171.9
164.7
166.5
166.8
149.1
153.3
154.5
143.7
163.8
166.5
138.3
157.2
184.5
206.1
221.4
208.8
202.8
204
188.4
198
226.8
191.4
159.6
165.6
186.6
198
151.5
160.2
146.4
151.5
149.4
156
151.2
152.1
140.4
136.2
152.7
157.2
185.4
219
199.2
201.3
191.1
198.6
168.9
168.9
168
127.5
147
168
147
140.1
140.4
153.9
146.1
154.8
140.1
132.3
99.9
110.1
169.5
188.7
171.3
192
167.7
176.1
234.9
234
206.7
174.3
154.2
148.5
129.3
126.3
115.5
128.4
143.1
135.6
135.6
137.4
140.1
142.5
124.5
138.6
150.9
169.5
182.4
202.5
191.1
183.6
192.9
185.1
212.1
202.8
169.2
148.2
169.2
173.7
156.6
151.5
141.6
138.3
147
143.1
148.5
129.3
119.7
109.2
155.7
207.9
189.9
197.7
212.1
186
186.6
204.3
196.8
167.4
164.7
174.3
174.3
198.9
192
169.5
174.3
168.3
183
141.6
144
146.7
134.4
134.7
201.3
177.9
179.4
186.3
187.5
179.1
164.4
169.5
145.8
138.3
133.5
137.4
151.8
162.9
170.7
160.5