2040
117.3
113.1
130.8
338.1
95.1
84.6
78.6
101.7
94.8
116.4
180
193.2
212.4
201.3
152.7
154.2
144.9
214.2
220.2
277.8
234.3
175.8
143.4
154.5
132.6
133.8
137.1
98.1
120
89.1
89.4
93.6
102.9
118.5
156.9
164.7
210.3
200.4
129.3
165.3
144.9
185.1
221.4
271.5
260.7
159.9
142.2
121.8
127.2
129.3
128.4
107.7
112.8
103.5
87.6
98.4
108
146.1
207.3
234
230.1
271.2
180.6
184.8
210.3
267.6
268.8
295.8
299.1
279.6
206.4
164.7
165.6
183.9
187.8
155.7
143.4
125.4
119.1
154.2
126.9
121.5
170.4
181.8
175.2
149.4
102.9
153.6
141.3
182.1
186.6
195.6
219
162
119.4
125.4
113.4
114
113.7
93
98.1
101.7
123.9
108
113.1
105
168.3
167.7
158.4
183
114.6
135.6
134.1
184.5
163.5
256.2
275.7
174.9
137.4
120.9
157.2
120.3
141.9
130.2
102.9
97.8
103.8
129
97.2
106.5
132.6
166.8
159.6
133.2
114.9
162.3
153.3
196.8
164.1
231.3
220.2
169.8
135
129.6
125.7
135.6
111
108.3
93
93.3
87
105
116.1
126.9
159
162.3
161.7
149.4
150.9
110.7
144.6
140.4
191.1
207.6
192.9
149.1
120.6
122.1
116.1
124.5
106.8
93.3
95.1
91.2
77.7
294.6
81
129.9
153.3
142.2
171.9
168.9
122.1
129.6
132
179.4
206.1
221.7
164.4
160.2
159
141.6
119.4
111.3
118.2
98.7
92.1
80.1
78.3
109.8
86.7
98.1
184.2
149.7
190.5
185.7
135.9
126.9
126.6
168.3
188.1
211.2
225.9
139.8
121.8
103.2
121.2
126.3
124.2
105
119.4
86.1
82.8
88.5
108.9
146.4
136.8
150.6
173.7
168.3
138.3
130.2
149.4
177.3
210.3
229.8
207
172.2
140.1
106.2
120.9
111
119.7
92.7
92.7
86.4
78
95.7
75
101.7
141.9
166.2
224.7
187.5
157.2
137.4
148.5
186.6
220.5
269.4
204.6
156.3
143.7
138.6
142.2
129.6
119.1
102.9
97.2
87.6
93.3
102.6
97.8
112.2
145.8
154.2
184.2
197.7
174.9
173.7
175.8
213.3
243.3
285.3
254.4
188.4
162.3
152.4
138.6
135
131.7
125.1
107.4
93.3
94.8
95.4
116.4
145.8
158.7
184.2
243.6
218.7
207.3
180.9
166.8
233.7
252.3
315
313.5
239.1
202.5
208.2
175.5
157.2
130.5
135
120
128.7
112.5
126.9
125.1
125.7
187.8
172.5
194.4
164.1
141.6
156
129.6
172.8
228.9
217.8
194.7
165.9
145.8
134.1
124.8
136.5
132.6
111.6
108.3
92.7
96.6
95.7
118.8
110.4
159.6
171.3
154.2
156.3
144.9
123.6
151.2
204.9
209.4
219
202.2
141.3
129
132.6
128.4
121.8
118.8
135.6
97.5
80.1
73.8
80.4
96.3
130.2
168
165
157.8
162.3
143.7
114.3
162.9
164.1
196.2
198
195.9
156.3
140.1
119.7
139.8
110.7
101.1
105.3
86.1
81.3
75.3
88.2
88.2
152.4
156.3
150.9
185.7
151.5
136.8
105.6
136.8
198.3
199.2
202.5
170.4
168
137.4
113.4
140.1
124.2
128.1
105
84.3
83.4
75.3
84.9
87.3
101.4
132.9
174.3
170.4
143.4
111
126.6
142.5
191.4
208.2
199.5
202.8
153.3
128.1
148.2
116.7
97.2
109.5
105
88.8
83.1
88.5
107.7
87.6
85.2
151.8
137.7
154.8
156.9
112.8
129.9
117.9
181.8
165.9
228.3
186.3
165
186.9
113.7
152.1
127.8
124.8
113.4
98.1
87
79.8
137.7
101.1
101.7
161.7
161.7
184.2
157.5
144
114
129.9
183.3
177.9
209.7
217.2
179.4
142.8
149.7
111.9
120
116.1
102.3
102
82.2
79.5
99.3
120.3
113.7
157.2
176.1
178.2
148.8
114.6
132.9
125.1
174
185.4
246
218.7
165.3
134.4
120
145.8
139.2
96.9
97.5
80.4
78.3
74.7
80.1
74.7
92.1
153.9
177.3
165.3
156.3
133.5
153.9
162
194.7
219.3
223.8
232.2
190.2
133.5
141.9
120
124.5
122.1
107.7
94.5
89.1
77.4
89.1
84.3
145.5
152.4
181.2
195
184.2
142.8
186.6
206.4
251.7
219.9
249.9
224.7
178.5
138.3
156.9
108
123.3
107.1
102
90.6
78.3
81.9
106.8
81.3
120.3
170.4
182.4
216.3
232.8
186.6
157.5
183.6
216
237.3
307.8
247.5
249.3
170.1
180.9
180.9
151.5
162.6
116.7
121.8
95.7
108.9
102.3
90
105
147
188
204
191
140
156
178
208
247.2
282.3
243.3
222.3
168
161.4
140.4
144.9
133.5
117.6
125.1
95.7
86.7
109.8
108.3
124.5
172.8
182.4
237.3
242.1
184.2
156.3
154.8
201
204.3
266.1
240
174.3
158.7
179.4
134.1
123
119.1
100.5
96.9
85.8
95.1
102.9
119.4
306.6
160.2
152.1
210.3
230.7
181.2
200.1
172.8
224.4
223.5
290.4
290.1
222.6
168.3
137.1
147.9
133.5
116.4
122.1
105.6
100.2
93
100.8
97.5
107.4
152.7
188.4
194.7
218.4
141.3
139.5
158.1
221.1
217.5
256.8
238.5
170.4
146.4
146.4
147.6
141
133.8
122.4
117
98.4
89.1
99.9
88.8
103.8
157.2
205.8
252.9
236.7
188.7
156.9
161.7
174.6
238.5
211.2
187.8
195.6
155.4
162.3
143
145
131
117
105
97
91
100
112
146
161
182
189
190
154
171
183
235
236
257
252
199
152
166
147
120.6
117.6
102.6
102.6
90.9
78.3
87
95.4
128.7
158.1
176.1
180.6
201
146.1
146.7
159.3
179.4
223.2
251.7
251.1
182.1
152.4
125.4
126.6
154.2
124.2
103.5
97.8
87
107.7
108.3
94.2
109.5
162
202.8
239.4
240.3
169.8
187.2
214.2
225.6
251.1
305.1
292.5
235.8
209.1
170.4
161.1
149.7
144
107.4
100.8
84
92.4
108.3
106.8
127.2
205.5
225.3
273.6
286.2
228.6
208.5
210.3
236.4
329.1
306.6
255.3
221.1
209.1
171.6
146.4
140.4
123.3
123
117
99.6
99.9
107.4
134.7
107.7
201.6
231
253.8
235.5
209.4
203.4
213.6
267
285.6
299.7
296.4
284.4
202.5
170.4
164.1
159
174.3
148.8
130.2
125.4
128.4
105.9
101.4
144
180
205.5
223.5
237.3
162.6
162.6
174.9
234.6
251.7
281.1
271.5
204.9
187.5
172.2
167.1
183
172.8
144.3
119.4
132
105.9
102.6
122.1
116.4
194.7
195
287.4
257.1
211.8
170.1
174.6
234.6
303.6
354.3
282
235.5
200.4
185.4
166.5
167.4
140.7
127.8
117.3
105.3
104.7
111
141.6
148.2
169.8
184.2
183
196.5
165.3
155.7
161.1
218.7
253.5
265.2
280.8
220.2
167.4
176.1
136.2
144.3
138.3
132
134.4
113.7
102.3
120.9
100.2
105
175.5
218.7
178.5
197.1
134.7
139.8
143.4
201.6
208.5
217.8
235.5
166.8
149.7
134.4
144
138.3
103.8
113.4
110.7
109.8
94.2
102.3
122.1
144.9
206.7
159
199.5
180.3
148.5
156
167.7
195.9
231.6
237
239.7
185.7
160.8
167.4
144.3
151.5
147.6
112.8
116.7
99.9
100.5
108.3
113.7
135.6
181.2
186
209.7
229.5
184.5
152.1
177.9
258.9
274.8
277.5
294.3
277.8
200.1
180.6
159.6
171.6
144.9
126.3
139.8
118.2
100.8
106.5
105.9
150.9
183.3
209.4
217.8
230.4
185.1
181.2
202.5
215.4
268.5
301.5
319.5
243.9
188.7
170.4
174.6
166.8
140.7
132.9
117.3
114.9
107.7
106.5
106.2
123.6
195.9
246
273.9
277.8
209.7
211.5
173.1
185.7
240.9
282
315.6
232.5
201.9
172.2
141.6
133.5
139.8
106.2
112.8
97.8
94.5
98.4
98.1
99.3
190.2
176.1
222.3
176.1
135.9
142.2
176.1
205.2
245.1
282.3
263.4
198.6
171.3
149.7
134.4
124.8
166.8
122.7
139.5
96.6
93
116.1
109.2
174
186.3
198.6
204.6
227.4
174.9
187.8
184.8
196.5
228
294.9
271.5
242.7
207
181.8
129.6
145.2
148.5
138.6
108.6
110.1
90.3
121.2
113.4
114
171
206.1
257.4
232.2
196.8
173.1
201.6
255.9
266.4
308.7
320.4
272.7
208.2
184.2
188.4
193.8
160.8
141.9
130.5
118.5
101.7
104.7
132
155.4
202.5
239.1
277.5
289.5
228.3
201.9
223.2
248.1
347.4
369.3
359.1
259.5
179.7
220.5
156.9
149.4
138.6
135.3
115.2
114.3
102.9
112.8
115.2
147
194.1
262.5
266.4
286.8
252.3
222.9
275.1
282.9
294.6
351
369
280.8
231.3
193.5
190.2
185.1
182.7
198.9
151.2
141
141.3
136.2
150.3
199.8
239.7
242.7
316.8
287.1
248.7
230.4
232.5
298.2
321.9
344.4
337.5
295.2
226.2
194.1
185.4
207.6
174.3
151.8
140.4
113.7
127.5
112.8
135.3
154.8
193.8
248.4
229.8
271.5
180.9
204
219
239.1
242.4
285.9
238.8
216.3
214.8
177
179.1
153
156.6
152.4
129.9
134.1
126
118.5
113.4
117.9
199.8
221.7
255.6
249.3
188.1
174.9
190.5
255.3
257.4
327.9
282.3
243.6
226.8
215.1
146.1
147.9
147
126.3
123.9
119.4
105.9
105.3
110.1
161.4
204.9
244.8
271.5
248.4
197.1
212.4
241.2
257.7
278.1
312
311.4
211.8
205.2
218.7
176.4
189.3
183.3
145.8
144.6
155.4
108.6
115.5
105.6
153.6
223.8
280.2
322.5
298.2
222.3
236.4
264.3
315
329.7
337.2
315
247.8
210.6
242.7
183.9
210.6
166.2
157.8
137.4
153.9
121.2
131.1
129.9
153.9
196.8
275.7
264.6
225.9
207.3
221.4
238.2
280.5
312.6
377.1
330.9
282.3
226.5
225.6
180
171.9
187.5
156.3
138.9
117.6
131.4
142.2
139.8
158.7
180
243
256.8
242.1
183.3
189.9
196.5
244.5
309.6
373.2
334.5
323.1
215.4
177.9
161.1
185.4
165.3
150
141.9
133.2
116.4
121.8
125.4
212.7
220.2
253.2
291.9
259.2
224.7
252.3
273.9
351.3
317.4
370.5
370.2
331.8
251.1
199.8
244.8
213.6
208.5
200.4
173.4
157.8
147.6
158.4
203.1
227.4
285.3
314.7
364.5
352.5
275.1
288.9
261
328.5
346.2
423
425.7
338.7
270.6
248.7
213.3
218.4
195.3
170.7
162.3
168
170.1
144.3
204
187.5
248.4
291
386.1
306.6
272.1
253.5
275.7
352.5
386.1
423.3
445.2
382.8
322.8
271.8
240.9
243.6
227.4
178.5
194.1
174.9
148.2
169.5
182.7
210.9
291.9
341.4
357.3
324.9
344.4
285.3
251.1
288
392.7
425.4
463.8
342.3
320.4
244.2
257.4
238.8
252.6
216.6
174.9
172.5
155.4
171
177.9
212.1
305.4
362.7
376.8
312.3
301.8
309.9
291
339
378.6
395.1
386.7
329.1
261
235.8
218.1
188.7
209.1
152.4
141
136.2
125.7
128.7
139.5
163.5
213.6
289.5
322.8
313.5
334.5
306.6
283.2
300.6
345
385.2
372.9
361.2
315.3
285.9
213
206.4
214.5
181.2
176.1
162
162.9
167.4
180
192
246.6
304.2
339.9
346.8
273
274.8
286.5
352.5
354.6
409.8
392.7
352.5
256.8
282
219
221.1
204.6
217.5
215.4
174
161.4
154.5
194.1
211.2
280.5
326.7
332.4
317.4
274.5
275.4
281.1
304.8
356.4
364.2
360.9
301.5
263.4
243
245.7
223.2
201
197.1
162.3
149.7
170.7
148.2
166.2
201.6
285.6
267
313.5
273
269.4
264.9
250.5
250.2
359.4
398.7
372.9
286.5
253.2
240
195.9
231.9
190.5
171.9
174.9
141
145.8
129.9
203.7
211.8
227.1
270.9
348.3
309
267.9
261.3
282
310.8
341.7
346.8
342.3
297.3
245.4
213.6
212.1
202.8
181.8
185.4
154.2
139.2
137.1
148.5
171
201.3
241.8
284.7
328.5
316.8
265.8
276.9
240.9
326.7
335.7
325.5
306.6
288.9
244.8
224.4
206.7
195
175.5
185.1
185.7
175.2
151.2
132.9
171.6
195.3
233.4
294
294
271.8
289.2
231
217.2
268.5
311.4
327.3
341.4
302.4
233.1
210
236.1
255.3
209.1
200.7
180
162
164.1
161.7
164.1
176.1
253.2
270.6
335.1
331.2
299.1
247.5
245.4
318.3
366
383.4
365.1
313.5
288.6
213.9
229.2
232.5
213.9
183
178.5
182.1
182.1
172.5
186.6
187.8
225
321.6
366.3
353.7
313.8
289.5
330.9
399.6
424.5
420.9
408
398.1
291.6
231.6
207.9
193.2
176.1
172.2
148.2
137.4
132.9
132
141.9
177.9
209.7
247.5
280.2
288.6
232.2
228
240.6
231.3
274.5
319.5
318.9
279
234.6
208.2
184.2
180.6
165.3
151.5
168.9
136.2
116.1
127.2
142.2
175.2
229.5
254.7
265.2
291.9
237.9
255
261.9
282.9
331.8
337.2
364.8
298.8
234.9
223.8
219.9
191.4
177.9
162.6
141.9
142.5
114
129.3
145.5
169.2
199.8
241.2
234.9
236.1
220.2
204.9
189.3
215.7
311.1
303.9
279.3
237.3
221.1
211.2
200.1
180.3
207.3
161.7
119.1
122.4
114.9
111
137.4
158.1
213.9
227.4
257.1
265.5
238.8
288
267.6
284.7
333.3
321.6
298.8
280.8
232.8
218.7
231.9
230.1
193.2
178.5
167.1
157.5
131.7
129.6
158.1
191.1
223.5
257.4
286.8
273.9
268.8
253.2
257.7
281.4
309.6
327
357.3
328.5
250.8
228.3
194.4
213
190.8
186.9
185.4
161.4
151.8
138
140.7
167.7
225.3
277.8
289.8
280.8
263.4
245.7
285.9
306.9
333
342
352.2
367.8
273
234.3
226.8
201.6
191.1
186.9
164.1
157.2
134.1
127.2
171.3
156.6
219.9
245.4
288.9
299.7
286.2
264.9
278.7
316.8
326.4
367.8
375.6
279.9
252
200.4
207.6
210
189.9
190.2
185.4
155.1
163.5
130.2
146.1
198.9
240.6
275.7
283.8
264.3
234.9
261.6
263.7
311.1
319.5
358.2
352.8
329.7
265.5
247.2
205.2
179.1
174
164.4
147
137.4
117.9
122.1
141
184.5
227.4
290.1
270.9
312
272.4
263.7
306
297
346.2
355.8
370.8
334.2
266.4
242.7
228.3
210
212.7
195
181.5
163.2
153.9
152.7
179.4
223.5
256.5
267.6
308.4
302.7
290.1
250.5
260.1
326.7
380.1
353.7
339.9
303.3
249.9
224.1
210.3
162.3
180.3
152.1
141.6
132.3
122.4
128.4
181.8
203.1
237.3
274.2
323.4
287.1
261
281.4
239.7
313.5
345.3
368.1
321.9
299.4
277.2
253.8
228.6
191.4
200.1
182.1
183.9
164.7
137.4
141.6
130.5
204.6
231
278.4
320.4
279
288.6
250.2
265.2
301.2
344.1
364.8
345.9
296.1
288
244.5
226.5
209.4
204.6
166.8
162.3
166.8
141
119.4
155.7
174.6
202.5
256.2
299.4
329.1
307.2
267.3
251.4
253.5
285.3
336
328.5
286.5
251.1
225
230.4
254.1
225
180
189.9
150.6
137.1
139.8
147.6
182.4
213.6
290.4
309.6
309
276.9
258.6
248.4
287.4
351.6
338.7
356.7
260.1
202.2
220.5
226.8
207.9
213.6
164.7
167.1
142.5
132.9
147.3
166.2
192
229.5
273.9
307.8
281.7
254.7
264.9
261.6
334.2
343.5
361.8
357.9
354
293.4
270.6
230.4
220.8
223.8
179.4
170.7
150.6
148.8
144.9
163.8
201.3
239.1
312.3
343.2
339.9
312
283.2
301.2
303
365.7
394.5
372.9
342.9
278.4
270
253.8
257.4
199.5
190.8
182.4
166.5
156.9
167.7
161.7
190.2
267.3
333.3
314.7
318.6
292.8
315.6
295.2
312.3
370.5
308.4
330.9
312
269.1
219.6
