2040
571
319
276
253
275
293
400
381
413
476
699
909
811
809
772
685
757
772
687
1039
897
856
779
491
400
324
303
285
268
256
335
388
377
464
726
690
966
931
845
811
809
794
702
883
1014
986
906
625
427
401
369
286
270
289
343
348
456
786
993
1365
1212
1085
1178
1172
1221
1161
996
1145
1087
1004
700
635
558
376
341
316
317
336
337
386
461
489
778
739
903
865
880
792
701
705
587
665
851
830
775
711
614
396
366
350
269
291
297
384
433
512
753
678
701
731
720
686
663
642
689
884
1000
1009
788
612
460
354
317
274
252
270
324
366
475
628
837
672
756
744
742
710
707
742
619
1002
1063
999
926
710
427
302
303
258
267
273
345
400
494
612
703
718
719
729
717
667
733
739
612
639
787
817
683
585
572
367
345
303
307
310
342
391
430
554
680
656
683
657
698
599
631
685
495
590
831
755
683
575
470
345
292
262
269
320
330
364
461
521
649
582
590
610
593
848
781
776
677
781
981
909
842
717
491
365
321
305
295
307
370
387
492
530
1103
932
941
954
910
922
852
816
735
807
947
883
899
724
537
351
280
276
287
280
305
373
481
554
975
917
949
950
1136
1032
1050
914
757
807
951
947
894
803
635
400
359
341
342
344
319
365
529
932
1066
1047
1443
1280
1050
1188
1102
995
803
697
1071
1053
1002
890
640
408
372
287
285
299
326
409
610
739
1062
1223
953
986
791
785
801
898
761
647
906
1179
1071
970
624
569
346
333
328
252
556
580
450
589
610
856
789
705
639
629
662
653
754
762
988
871
772
714
831
411
330
297
273
315
300
354
417
497
539
560
599
547
552
455
488
489
441
612
762
617
589
495
357
293
289
255
264
250
244
275
369
415
492
494
528
521
515
451
483
425
404
460
690
653
495
446
483
258
244
201
225
243
270
320
322
422
465
440
438
418
409
440
502
456
399
460
686
683
640
600
409
306
260
257
268
246
271
297
362
434
496
473
500
496
483
423
904
530
419
501
874
646
631
600
482
325
268
261
223
269
309
310
431
457
529
539
671
831
804
660
780
812
617
788
858
884
759
774
407
349
275
241
270
256
278
346
745
784
712
673
1010
731
863
705
688
945
694
1004
1014
1032
943
700
504
369
320
267
250
250
256
363
760
794
763
676
830
529
560
512
545
567
506
713
810
787
707
692
455
388
360
352
270
272
279
358
785
783
946
662
790
657
850
722
706
745
412
752
812
743
703
492
322
317
256
221
226
232
289
297
345
427
500
665
714
569
598
591
616
741
630
786
919
890
820
677
401
343
307
286
266
287
245
328
361
514
561
484
570
603
546
479
495
522
472
650
710
623
842
619
618
343
363
336
241
282
313
336
383
463
531
611
710
629
500
544
758
599
517
681
797
780
748
876
589
359
304
273
232
258
243
307
357
446
766
975
1097
1081
959
903
1230
750
947
1062
1255
1212
1187
1118
680
417
319
309
326
257
302
350
432
493
948
815
786
765
746
677
779
720
633
907
933
795
968
762
452
433
323
300
264
249
271
371
448
451
562
519
533
511
479
454
477
759
642
803
981
944
845
641
384
334
248
247
265
279
292
288
383
645
570
525
614
562
514
541
541
536
384
451
756
896
849
584
484
373
322
302
274
288
305
477
509
579
716
799
885
756
751
745
623
840
753
821
1097
1099
972
894
326
250
230
195
242
250
255
339
292
365
410
423
462
421
420
433
467
424
388
601
700
641
1045
953
323
321
311
286
257
241
252
282
336
387
520
548
510
488
517
521
521
487
423
501
751
787
677
591
505
292
265
250
246
244
282
307
385
421
538
566
938
807
730
730
630
689
715
1069
1030
1026
998
849
623
380
344
398
301
293
346
375
393
463
598
1272
1284
873
592
980
735
1030
876
957
1255
1187
1123
1308
603
400
375
305
256
247
285
879
823
1183
1059
1014
1082
825
869
945
900
1097
1184
1284
1390
1372
1267
1132
938
462
385
370
327
330
396
835
877
888
992
934
979
572
1183
930
913
1273
1018
1345
1371
1125
1190
1171
647
430
388
383
323
345
322
658
674
731
933
933
1057
944
904
899
631
940
876
856
1276
1309
1124
1111
503
434
338
270
219
281
253
809
809
905
1010
822
1198
975
897
770
865
734
1019
1093
1141
1165
994
959
872
400
308
264
236
253
258
316
743
789
681
808
684
765
671
702
669
763
635
1095
912
1016
843
785
417
318
306
289
336
302
312
735
791
903
928
786
821
874
807
832
725
809
710
1059
1218
1190
997
1114
413
338
248
238
240
236
269
785
852
956
1338
1243
1480
1193
1131
1018
1003
915
797
1232
1349
1260
1256
1131
842
460
395
375
338
341
385
831
913
945
1094
1081
952
1034
1301
1139
1150
854
803
1076
1057
1036
994
893
806
566
536
379
383
339
381
448
500
609
658
659
637
582
564
558
535
586
517
726
862
736
709
665
490
292
256
312
242
255
242
416
450
535
634
596
929
790
682
608
647
619
547
874
1012
954
848
847
496
398
380
347
271
289
259
430
496
759
860
834
1223
1088
895
777
813
655
635
709
1259
1196
1017
894
665
462
420
399
336
348
342
453
595
685
738
1090
1120
1096
1020
933
965
866
849
985
1145
1171
1047
932
876
388
360
261
257
288
287
503
552
709
768
1063
1091
1112
986
956
972
953
801
1024
1055
1117
1134
1008
853
445
407
385
320
339
381
472
607
1037
1055
993
962
973
1028
919
938
1015
765
1292
1267
1230
1187
1081
893
664
648
604
438
384
452
513
526
743
1126
1116
1051
1107
997
947
922
875
817
970
1113
1055
1177
909
841
618
414
381
381
319
422
467
503
620
1110
1054
1044
995
962
1104
1096
883
787
1036
1208
1174
1056
929
828
610
396
379
395
380
417
790
746
904
981
1056
1080
1099
958
925
1002
914
866
1287
1189
1160
1128
1001
888
648
431
425
408
729
648
775
724
1003
1065
987
1104
1171
998
996
1051
947
924
1040
1208
1168
1137
974
644
579
368
340
311
241
453
839
895
963
931
949
1267
1193
1159
1000
922
987
1045
1280
1353
1248
1022
967
878
668
323
330
317
315
584
719
874
1079
1102
1151
1164
1143
1163
1110
1075
1123
976
1197
1342
1260
1183
1116
828
835
793
774
754
766
797
844
937
1106
1235
1206
1266
1161
1124
1103
1090
1125
1155
1179
1336
1403
1367
1251
787
711
670
673
682
673
696
738
832
1260
1317
1335
1326
1340
1276
1299
1297
1321
1275
1610
1619
1451
1196
1068
742
693
665
651
624
619
546
734
920
1064
1207
1189
1205
1208
1272
1132
1129
1247
1415
1585
1520
1481
1354
1337
1217
931
879
878
893
873
839
970
962
1157
1240
1261
1278
1315
1165
1146
1061
1176
1399
1575
1463
1425
1303
1229
954
923
898
879
864
372
882
936
1101
1175
1332
983
1368
1395
1470
1266
939
1304
1510
1709
1578
1484
1436
1424
944
344
316
300
230
240
1065
991
951
1138
1159
1190
1272
1369
1293
1272
1263
1345
1307
1366
1529
1555
1360
1337
1192
966
699
670
990
895
893
966
946
1175
1232
1296
1351
1302
1281
1251
1212
1280
1032
1690
1519
1427
1152
1084
803
643
593
574
631
537
1058
598
723
891
900
1126
956
1139
1189
939
931
939
1133
1328
1255
1234
1118
1060
671
559
550
527
544
546
595
636
655
820
924
887
888
929
928
1048
955
928
1064
1261
1204
1162
1033
974
753
480
448
453
423
420
444
499
567
692
987
883
806
833
821
809
768
856
1093
1100
1062
1011
932
841
578
496
456
725
439
459
626
521
748
727
843
799
817
871
861
815
990
802
1015
1163
1052
1054
978
897
554
470
469
452
450
429
462
520
559
736
845
816
840
808
860
816
804
826
1006
1152
1093
1000
911
799
879
621
572
581
562
535
553
591
677
812
899
950
927
1019
950
937
926
947
1123
1244
1156
1128
1030
889
723
601
560
551
541
550
561
616
702
896
991
961
1121
976
1035
1015
1021
907
1277
1186
1245
1122
1003
921
750
637
581
532
508
514
792
572
654
787
831
869
814
1048
801
806
793
894
819
1080
1032
998
871
1059
555
522
475
490
452
451
464
539
588
782
854
856
884
844
893
797
804
900
1238
1186
1152
1126
1030
880
589
567
502
515
481
482
489
536
580
667
767
714
755
764
722
663
700
712
870
1023
1081
1047
991
848
685
506
465
649
432
415
414
551
534
719
761
833
831
859
730
947
920
1501
1484
1853
1782
1785
1671
935
800
616
447
431
440
466
442
493
548
729
754
813
1146
962
971
889
849
941
1140
1273
1197
1167
1118
982
566
563
521
524
531
475
509
524
698
789
835
854
896
917
915
933
826
832
1075
1191
1145
1094
1031
907
592
538
503
500
479
471
523
536
616
813
852
851
892
926
858
833
873
839
997
1153
1130
980
909
848
707
631
569
532
506
539
527
624
712
823
875
933
915
957
887
866
863
836
1104
1280
1213
1255
1175
1058
624
573
506
500
483
484
493
517
571
744
802
836
880
906
1134
1020
855
964
1193
1331
1274
1194
1168
1027
674
612
568
530
529
511
540
581
621
826
860
899
1140
1128
1114
1133
1040
1076
1096
1423
1281
1211
1184
1007
684
627
560
573
519
527
550
582
651
778
880
832
888
848
892
856
845
918
1107
1254
1241
1234
1116
1035
685
592
568
570
535
503
521
566
660
848
921
814
970
930
939
881
939
909
1157
1349
1194
1184
1171
1120
873
608
541
515
500
494
525
521
719
795
936
966
963
1018
968
991
946
954
964
1348
1249
1251
1183
998
940
607
561
509
514
519
519
541
587
890
915
970
982
988
1000
986
993
974
1086
1296
1120
1098
1045
913
1000
658
594
540
531
512
518
590
744
820
942
921
1023
1074
947
1114
870
922
1050
1385
1122
1252
1266
1160
992
655
531
519
537
527
533
601
721
819
977
916
984
1168
1232
1145
1003
915
1017
1388
1277
1207
1195
990
914
618
572
542
524
519
525
594
631
878
922
931
959
871
925
884
903
868
1183
1328
1228
1131
1020
955
