2040
899.4
472.2
439.2
392.4
411
408.6
436.8
480.6
973.8
876
1121.4
1482
1513.2
1530.6
1137.6
1071.6
1450.8
1578
1672.2
1608.6
1587.6
1526.4
1352.4
957.6
775.8
519
436.2
393.6
685.8
704.4
759
603.6
1054.8
748.8
1108.2
1141.2
1584.6
1231.8
953.4
1210.8
1174.8
1646.4
1828.2
1747.2
1204.8
1801.2
1328.4
820.2
720.6
687.6
590.4
885
800.4
658.2
636.6
1031.4
812.4
1249.8
1516.2
1446.6
1470
1392.6
1352.4
1079.4
1455.6
1662.6
1680.6
1692.6
1747.8
1584.6
1155
973.2
904.2
811.2
801
684.6
673.8
685.8
784.8
748.8
1035.6
817.2
774.6
792.6
907.8
809.4
784.8
768
828.6
1024.2
1183.8
1689.6
1772.4
1067.4
896.4
970.8
897.6
811.2
468
721.2
705.6
419.4
539.4
572.4
682.2
809.4
1118.4
846.6
1184.4
1147.8
1153.2
719.4
765.6
1587
1597.8
989.4
1048.2
955.2
1171.8
685.2
982.2
845.4
499.2
415.2
371.4
403.2
489
586.8
675
787.2
789.6
1240.8
1444.2
916.2
826.8
782.4
1110.6
1278
1547.4
1263.6
1324.2
1244.4
1131.6
1011.6
915
784.8
514.8
496.8
781.8
451.2
562.2
600.6
1083
871.2
1198.2
1488.6
957.6
898.2
876
1081.8
1141.2
1256.4
1351.2
1032
1027.8
990.6
1101
954.6
822
521.4
545.4
426.6
735.6
408
483.6
529.2
648.6
735.6
801
1606.8
1486.2
834.6
779.4
1146
1116.6
1210.8
1686.6
1596
1599
1293.6
960.6
809.4
718.8
606
595.8
544.2
532.8
550.8
619.8
691.8
693
705
762.6
1106.4
1138.8
759
1146
774
739.8
945.6
1638
1548
1245
1141.8
1138.2
955.8
842.4
461.4
450.6
400.8
670.2
718.8
466.2
562.2
646.8
697.8
1106.4
1332
1307.4
1012.2
845.4
968.4
792
1334.4
1669.2
1448.4
995.4
1087.2
1216.2
727.8
612
855.6
485.4
439.8
439.2
751.2
493.8
558.6
691.8
786
1132.2
1258.8
1305.6
836.4
1114.2
791.4
1098
1593.6
1725.6
1518
1089.6
1730.4
1263
791.4
622.8
847.2
759
668.4
456
450.6
843.6
775.8
733.8
865.8
1117.2
1476
1383
1337.4
918
1401.6
1151.4
1345.8
1676.4
1708.2
1725.6
1398.6
1074.6
1098.6
1072.8
775.8
746.4
688.2
645.6
687.6
856.2
609.6
1234.2
1495.8
1680.6
1763.4
1822.2
1655.4
1356.6
1284
1624.2
1729.8
1864.2
1817.4
1874.4
1815.6
1458.6
1077.6
967.2
870.6
780.6
704.4
706.2
682.8
768.6
1202.4
1412.4
1489.2
1483.8
1479.6
1439.4
1375.2
1170
1167.6
1351.8
1559.4
1621.2
1597.2
1257
1687.8
1132.2
771.6
879.6
830.4
502.8
447
751.8
454.2
529.8
619.2
706.2
781.2
1141.2
1085.4
1276.2
1006.2
855.6
1454.4
1108.8
1156.2
1425.6
1396.8
1463.4
1080.6
812.4
822
882
634.2
463.2
589.2
419.4
759.6
489.6
542.4
664.2
756
686.4
691.8
736.2
715.8
713.4
652.2
673.2
825.6
820.2
847.2
864.6
864.6
1106.4
611.4
588.6
504
450.6
425.4
754.2
450
466.2
546.6
618
670.2
712.8
751.8
1173.6
1053.6
1187.4
1057.2
840
1024.8
1563
1059
1140.6
1034.4
900
1068.6
907.2
510
480.6
448.8
719.4
442.2
482.4
562.8
697.2
1200.6
1117.2
1201.8
1208.4
1190.4
1311
1088.4
1181.4
1078.2
1654.2
1575
1132.8
1081.2
1270.2
816.6
693.6
589.8
663.6
720
433.8
445.2
466.8
909
901.2
1200
1180.8
1539.6
1128
1157.4
1500
1182
903
1079.4
1782
1556.4
1111.2
1020.6
1216.2
1100.4
599.4
508.8
824.4
442.2
423.6
491.4
808.8
1111.2
840.6
836.4
985.2
1199.4
1236.6
849.6
826.8
774
978
1621.8
1540.8
1212.6
1095
1089
891
951.6
545.4
499.8
474.6
761.4
427.8
435
616.8
998.4
736.8
807.6
906
1155.6
996.6
909.6
865.8
1154.4
875.4
1131
1700.4
1611.6
1393.2
1294.2
856.8
955.8
954.6
576.6
804.6
419.4
417.6
450
811.8
837
738.6
793.2
1024.2
1213.2
906.6
1440
792.6
1101.6
1113.6
1204.2
1625.4
1316.4
1413.6
1068
1035
905.4
751.8
498.6
490.2
416.4
685.2
397.8
456
689.4
906.6
778.2
1140.6
1282.2
1092.6
865.8
1320
756.6
786
1691.4
1688.4
1794
1666.2
1587
1141.8
720.6
830.4
793.2
476.4
450.6
763.8
693
486
625.2
1412.4
1062
1115.4
1487.4
1439.4
1359.6
1518.6
1264.2
919.2
1701.6
1544.4
1548
1601.4
1241.4
1337.4
834.6
528.6
777
463.8
411.6
666
698.4
546.6
589.2
729.6
743.4
661.8
1067.4
957
1096.2
987
952.2
746.4
1554
1458.6
1434
1120.8
1114.2
1243.2
864
540
538.8
444
432
675.6
664.8
471
582
1225.8
979.8
1015.2
1261.8
1278.6
1211.4
1018.8
665.4
1260.6
1289.4
1638.6
1358.4
915
1555.2
1090.8
630.6
568.8
691.2
422.4
407.4
739.8
627
495
503.4
865.8
1049.4
939.6
736.8
1069.2
1256.4
807
690.6
1275
1327.2
1572
1313.4
908.4
1048.8
1064.4
613.8
511.8
812.4
630.6
375.6
408.6
733.8
463.8
519
1321.2
727.8
778.2
783
1473
1194
821.4
808.8
831
1554
1573.8
1434
1331.4
1353.6
807.6
932.4
954.6
507
486
394.2
732
396.6
468.6
957.6
756.6
862.8
813.6
1456.2
1515.6
1405.2
1054.8
813.6
825
1555.8
1662.6
1641.6
1590
1054.8
809.4
978.6
897
508
463
599
570
408
650
984
824
803
1001
1165
1375
1172
1067
819
823
1664
1635
1706
1650
1442
1151
879
817.8
810
439.2
393.6
701.4
391.2
475.2
1128
981.6
836.4
815.4
1432.8
1347
870
759
1402.8
1018.8
1003.8
1016.4
1608
1584
957
807
1026.6
1007.4
827.4
444
426
700.2
407.4
475.2
1132.2
1152
779.4
1111.2
1359
1515
1088.4
758.4
1443.6
1138.8
1161.6
1488.6
1530
1546.8
1135.8
1008
971.4
853.2
711
436.2
409.2
642.6
702.6
495
568.8
1441.2
1443
1440
1590
1552.8
1554.6
1513.8
1515.6
1593
1752
1767.6
1677.6
1697.4
1497.6
1054.2
954.6
852
499.8
475.2
435
704.4
684.6
783.6
898.2
1331.4
1373.4
1384.8
1496.4
1489.8
1474.2
1339.2
1176
1400.4
1559.4
1581.6
1646.4
1598.4
1680.6
1201.2
1010.4
892.2
790.2
726
701.4
742.2
699
760.2
1099.2
1299.6
1360.8
1396.2
1462.2
1519.2
1536.6
1471.2
1178.4
1501.8
1692
1660.8
1764.6
1694.4
1549.2
1126.8
1095.6
889.2
813.6
717
733.2
679.2
703.2
790.8
856.2
992.4
869.4
890.4
939.6
1556.4
1573.2
1498.8
1217.4
1219.2
1621.8
1672.8
1773
1586.4
1599.6
1110
1069.8
1042.2
518.4
436.2
782.4
456.6
418.8
844.8
1278.6
741.6
828.6
862.8
1049.4
1658.4
1479
815.4
883.2
861.6
1638
1582.8
1619.4
1635.6
1298.4
1161
1038.6
996.6
873.6
604.8
797.4
676.8
439.2
842.4
1215.6
744
912
1284.6
1584
1521
1454.4
1123.8
1056.6
1461.6
969
1078.2
1659.6
1098.6
1009.8
864
1030.2
877.2
789
466.8
432.6
723.6
423.6
563.4
1243.8
1116.6
849
1126.8
1494
1289.4
892.8
1143.6
1552.2
848.4
948.6
1039.2
1726.8
1093.8
1036.8
850.2
1018.8
852.6
782.4
445.2
463.2
691.2
430.2
528.6
1319.4
1100.4
865.8
1174.8
1506.6
1143
1179
1098.6
787.2
766.2
1663.8
1459.8
1429.8
1470
1450.2
1165.2
676.8
571.8
654.6
771.6
490.2
420
414.6
491.4
1232.4
909
787.2
1249.8
1235.4
1221.6
1012.2
1170
772.2
843.6
1759.2
1630.8
1565.4
1569
1575
1111.8
985.2
849
513.6
486.6
435
739.2
755.4
481.8
980.4
1399.8
1334.4
1338.6
1401
1478.4
1472.4
1437.6
1147.8
1468.8
1703.4
1800
1962.6
1246.2
1889.4
1639.2
976.8
804
734.4
445.2
408
763.8
615.6
493.2
742.8
1265.4
772.2
806.4
814.2
1184.4
901.8
1135.2
983.4
714
1654.8
1578
1672.8
1020.6
907.8
823.2
909
805.2
746.4
420.6
395.4
720
412.8
430.2
945.6
973.8
737.4
738
783
1502.4
796.2
765.6
769.2
747
1534.2
1612.8
1541.4
1020
1471.8
955.2
903.6
909.6
506.4
453.6
760.2
747
472.8
480
1365
781.8
852
1187.4
1320.6
1612.2
1489.8
1372.8
1284
1351.2
1606.8
1567.8
1546.2
1659
1582.2
1118.4
972.6
909.6
780
486.6
437.4
423
780.6
868.8
993
853.8
1200.6
1531.8
1552.2
1542
1479.6
1383
1253.4
1358.4
1595.4
1555.2
1524
1534.8
1442.4
1069.2
912
856.2
779.4
829.2
447
772.2
447.6
801.6
1234.8
1211.4
1240.2
1294.8
1478.4
1458
1417.8
1413
1343.4
1413.6
1594.8
1599
1619.4
1681.2
1509
1165.2
1012.8
883.2
805.2
737.4
699
765.6
447
641.4
1262.4
1346.4
1313.4
1356.6
1409.4
1528.2
1578
1490.4
1432.8
1477.2
1541.4
1515.6
1550.4
1543.8
1560
1402.8
1017
914.4
788.4
779.4
698.4
407.4
432
480
1306.2
1421.4
1542
1602.6
1689.6
1687.2
1740
1627.2
1483.8
1594.8
1780.8
1634.4
1587.6
1589.4
1456.8
1311
958.8
830.4
749.4
705
432.6
400.2
442.8
477
1299.6
1095
1171.8
1188
1095
1285.8
1511.4
1223.4
1159.2
1467
1674.6
1810.2
1773
1746.6
1616.4
1102.2
1021.8
859.8
769.8
735.6
432.6
741
705.6
778.8
1221.6
1283.4
1333.8
1183.8
1444.8
1537.8
1412.4
1394.4
1345.8
1411.2
1566.6
1665.6
1631.4
1683
1593
1530
1137.6
937.8
856.2
777.6
717.6
706.8
749.4
820.8
1326.6
1540.2
1534.2
1491.6
1650.6
1625.4
1613.4
1626
1507.2
1230.6
1814.4
1872
1839.6
1897.8
1833.6
1678.8
1239
1137.6
886.2
788.4
735.6
719.4
702.6
784.8
1279.8
1500
1609.2
1603.2
1575
1647
1632
1557.6
1266
1227.6
1782.6
1762.2
1786.2
1828.2
1710.6
1521
1189.2
943.2
849.6
736.2
718.2
715.8
734.4
779.4
1216.2
1399.8
1450.2
1481.4
1502.4
1537.8
1522.8
1501.8
1374
1366.8
1713
1671.6
1706.4
1743
1687.8
1536.6
1155.6
978.6
830.4
778.2
729
693.6
700.2
782.4
1240.2
1422.6
1509
1488.6
1521
1586.4
1559.4
1529.4
1513.8
1489.8
1796.4
1785.6
1813.8
1983.6
1752
1377.6
1122.6
927.6
858
784.8
762.6
723.6
723.6
800.4
1216.2
1297.2
1403.4
1505.4
1526.4
1537.8
1492.8
1465.8
1427.4
1390.2
1642.8
1735.8
1708.2
1720.2
1576.2
1437.6
1025.4
939.6
864.6
762.6
717.6
678
689.4
778.2
1235.4
1033.2
1316.4
1390.8
1461.6
1506
1515.6
1414.2
1495.2
1473.6
1706.4
1720.8
1730.4
1800
1688.4
1508.4
1130.4
1035.6
884.4
745
705
691
683
747
1172
1332
1478
1467
1477
1549
1519
1447
1307
1321
1697
1693
1763
1787
1695
1539
1266
954
850
766
731
710
716
785
1185
1363
1382
1469
1537
1542
1505
1448
1361
1401
1711
1663
1746
1760
1700
1522
1108
1033.8
861.6
811.8
750
726
724.8
792
1251
1388.4
1451.4
1566.6
1641.6
1680
1687.8
1537.8
1522.8
1602.6
1716
1774.8
1819.8
1801.2
1791.6
1565.4
1165.8
994.8
909
839.4
781.2
750
774.6
805.8
1231.2
1449.6
1507.2
1620.6
1681.2
1697.4
1666.8
1583.4
1548
1611
1807.8
1912.2
1882.2
1870.8
1784.4
1449.6
1053.6
943
820
772
838.2
747.6
749.4
967.2
1228.2
1343.4
1482
1578
1621.8
1724.4
1659
1569.6
1542.6
1561.8
1828.2
1731.6
1720.8
1855.8
1754.4
1557
1098.6
824.4
778.2
708.6
718.2
696.6
727.8
838.2
1147.2
1214.4
1292.4
1365
1338.6
1474.8
1467
1335.6
1357.2
1380
1564.2
1597.8
1589.4
1678.2
1512.6
1358.4
999
847.8
783
724.8
447
738.6
736.8
702
1131.6
1228.2
1414.2
1455.6
1499.4
1568.4
1516.8
1437
1381.8
1446
1656.6
1730.4
1746
1794.6
1686
1366.8
1027.2
863.4
813.6
702
676.2
663
663.6
709.2
1064.4
1164
1347
1331.4
1380
1452
1407.6
1337.4
1348.8
1415.4
1612.8
1624.8
1740
1747.2
1679.4
1558.8
1344.6
965.4
850.8
796.2
744.6
705.6
699
792
1155.6
1327.8
1314.6
1456.8
1573.2
1547.4
1488
1395
1348.8
1437
1710
1655.4
1786.2
1778.4
1712.4
1507.8
1061.4
991.8
941.4
849.6
759.6
755.4
760.8
1158.6
1169.4
1326
1420.2
1594.2
1581.6
1619.4
1549.8
1510.2
1447.2
1400.4
1775.4
1734
1716
1785.6
1598.4
1419.6
955.2
923.4
793.2
733.8
709.2
708.6
706.2
975
1192.2
1242
1378.2
1395.6
1437.6
1448.4
1424.4
1411.8
1378.2
1339.8
1585.8
1606.8
1567.2
1657.2
1493.4
1307.4
943.8
908.4
811.2
766.2
723
735
775.8
1132.2
1192.2
1393.2
1468.8
1465.2
1520.4
1593.6
1526.4
1452.6
1415.4
1471.2
1744.8
1635
1617
1674.6
1716
1528.2
1089
882
740.4
711.6
679.2
676.2
673.8
1104
1083
1197
1267.2
1371
1396.8
1414.8
1413.6
1421.4
1410
1484.4
1610.4
1617
1688.4
1677.6
1566.6
1319.4
936
865.8
728.4
700.2
674.4
642.6
663.6
723.6
1132.2
1179
1224
1305.6
1402.8
1507.2
1437.6
1360.2
1395
1382.4
1588.8
1676.4
1612.8
1586.4
1522.2
1233.6
897
833.4
692.4
681.6
639
632.4
627
714
1072.8
1171.8
1242
1314
1409.4
1474.2
1480.8
1556.4
1441.2
1523.4
1800.6
1767.6
1714.2
1625.4
1589.4
1371
964.8
887.4
773.4
713.4
671.4
645.6
665.4
732.6
1180.2
1148.4
1295.4
1338.6
1320.6
1417.8
1431
1386
1441.2
1395.6
1587
1668
1764.6
1687.8
1580.4
1291.8
1018.8
976.2
829.2
773.4
726
690
713.4
1077.6
1180.8
1185
1385.4
1419.6
1453.8
1540.8
1535.4
1531.2
1510.2
1512.6
1818.6
1788.6
1905
1851.6
1727.4
1528.2
1166.4
984
828
785.4
726
688.2
711.6
1132.2
1095
1231.8
1354.8
1442.4
1417.8
1460.4
1487.4
1462.2
1371
1077
1542.6
1596
1591.2
1615.2
1540.8
1381.2
1049.4
877.8
783
694.2
654.6
630
658.2
1011
1082.4
1153.2
1342.8
1402.2
1459.8
1507.8
1554
1450.2
1380.6
1403.4
1541.4
1599
1694.4
1707.6
1618.8
1297.2
1021.8
859.2
803.4
719.4
680.4
666.6
713.4
1119.6
1068
1208.4
1402.2
1390.2
1444.8
1538.4
1483.2
1513.2
1545
1525.2
1851
1849.2
1830.6
1856.4
1742.4
1497.6
1297.8
967.8
774.6
738
738
693
677.4
1104.6
1101.6
1370.4
1672.2
1654.8
2080.8
2100
1766.4
1705.2
1656
1647.6
1825.2
1731.6
1789.8
1820.4
1679.4
1498.8
1108.8
915
837.6
803.4
780
647
645
711
1068
1167
1294
1322
1394
1463
1444
1446
1395
1469
1706
1696
1727
1686
1634
1464
1154
926
812
754
708
675
682
762
1167
1238
1305
1397
1446
1482
1459
1390
1395
1416
1648
1661
1775
1733
1646
1399
1040
904.8
780
756
700.8
691.2
700.2
811.8
1144.2
1219.2
1426.8
1455
1573.2
1647
1650.6
1537.2
1526.4
1602
1791
1731
1764
1766.4
1579.8
1417.8
1087.8
922.2
833.4
792
757.2
710.4
714
1057.8
1160.4
1222.8
1305.6
1379.4
1466.4
1542.6
1515.6
1497
1452.6
1462.8
1731
1745.4
1673.4
1657.2
1550.4
1400.4
1012.2
893
797
730
688
307.2
673.2
835.2
1060.8
1318.8
1503.6
1507.8
1642.8
1680
1692.6
1654.8
1485
1539.6
1777.2
1785
1844.4
1810.2
1687.8
1546.2
1152
1029
957
839.4
795.6
694.2
720.6
759
1263.6
1420.2
1536
1502.4
1633.2
1690.8
1650.6
1635
1612.8
1611.6
1852.2
1780.2
2215.8
2206.8
1763.4
1873.2
1228.2
1070.4
931.8
906.6
809.4
757.8
802.2
1173
1226.4
1406.4
1465.2
1544.4
1579.2
1683
1678.2
1915.2
1494.6
1611
1788.6
1773
1828.2
1718.4
1648.8
1530.6
1162.2
